0.01	-0.52883	-0.49429	-0.74551	-0.49966	0.28897	-0.10019	0	6.75
0.02	-0.52192	-0.48508	-0.73906	-0.48895	0.25144	-0.11006	0	6.75
0.03	-0.45285	-0.41831	-0.66722	-0.42229	0.17976	-0.12858	0	6.75
0.05	-0.28476	-0.25022	-0.48462	-0.26092	0.06369	-0.15752	0	6.75
0.075	0.00767	0.04912	-0.20578	0.02706	0.0117	-0.17051	0	6.75
0.1	0.20109	0.23102	0.03058	0.22193	0.04697	-0.15948	0	6.75
0.15	0.46128	0.48661	0.30185	0.49328	0.1799	-0.14539	0	6.75
0.2	0.5718	0.59253	0.4086	0.61472	0.52729	-0.12964	0.00102	6.75
0.25	0.51884	0.53496	0.3388	0.57747	0.6088	-0.13843	0.08607	6.75
0.3	0.43825	0.44516	0.25356	0.5199	0.64472	-0.15694	0.10601	6.75
0.4	0.3922	0.40602	0.21398	0.4608	0.7861	-0.07843	0.02262	6.75
0.5	0.18957	0.19878	0.00967	0.26337	0.76837	-0.09054	0	6.75
0.75	-0.21338	-0.19496	-0.49176	-0.10813	0.75179	-0.14053	0.10302	6.75
1	-0.46896	-0.43443	-0.78465	-0.3933	0.6788	-0.18257	0.05393	6.75
1.5	-0.86271	-0.79593	-1.20902	-0.88085	0.70689	-0.2595	0.19082	6.75
2	-1.22652	-1.15514	-1.57697	-1.27669	0.77989	-0.29657	0.29888	6.75
3	-1.82979	-1.7469	-2.22584	-1.91814	0.77966	-0.45384	0.67466	6.75
4	-2.24656	-2.15906	-2.58228	-2.38168	1.24961	-0.35874	0.79508	6.75
5	-1.28408	-1.2127	-1.50904	-1.41093	0.14271	-0.39006	0	8.5
7.5	-1.43145	-1.31632	-1.81022	-1.59217	0.52407	-0.37578	0	8.5
10	-2.15446	-2.16137	0	-2.14635	0.40387	-0.48492	0	8.5

