0.01	0.502	0.267	0.569	0.262	0.566
0.02	0.502	0.267	0.569	0.262	0.566
0.03	0.507	0.276	0.578	0.274	0.576
0.05	0.516	0.286	0.589	0.286	0.589
0.075	0.513	0.322	0.606	0.32	0.606
0.1	0.52	0.313	0.608	0.318	0.608
0.15	0.518	0.288	0.592	0.29	0.594
0.2	0.523	0.283	0.596	0.288	0.596
0.25	0.527	0.267	0.592	0.267	0.592
0.3	0.546	0.272	0.608	0.269	0.608
0.4	0.541	0.267	0.603	0.267	0.603
0.5	0.555	0.265	0.615	0.265	0.615
0.75	0.571	0.311	0.649	0.299	0.645
1	0.573	0.318	0.654	0.302	0.647
1.5	0.566	0.382	0.684	0.373	0.679
2	0.58	0.398	0.702	0.389	0.7
3	0.566	0.41	0.7	0.401	0.695
4	0.583	0.394	0.702	0.385	0.698
5	0.601	0.414	0.73	0.437	0.744
7.5	0.626	0.465	0.781	0.477	0.787
10	0.645	0.355	0.735	0.477	0.801

