0.01	-0.6622	0.12	-0.01151	1.35
0.02	-0.666	0.1228	-0.01151	1.35
0.03	-0.6901	0.1283	-0.01151	1.35
0.05	-0.717	0.1317	-0.01151	1.35
0.075	-0.7205	0.1237	-0.01151	1.55
0.1	-0.7081	0.1117	-0.01151	1.68
0.15	-0.6961	0.09884	-0.01113	1.86
0.2	-0.583	0.04273	-0.00952	1.98
0.25	-0.5726	0.02977	-0.00837	2.07
0.3	-0.5543	0.01955	-0.0075	2.14
0.4	-0.6443	0.04394	-0.00626	2.24
0.5	-0.6914	0.0608	-0.0054	2.32
0.75	-0.7408	0.07518	-0.00409	2.46
1	-0.8183	0.1027	-0.00334	2.54
1.5	-0.8303	0.09793	-0.00255	2.66
2	-0.8285	0.09432	-0.00217	2.73
3	-0.7844	0.07282	-0.00191	2.83
4	-0.6854	0.03758	-0.00191	2.89
5	-0.5096	-0.02391	-0.00191	2.93
7.5	-0.3724	-0.06568	-0.00191	3
10	-0.09824	-0.138	-0.00191	3.04

