AIC001,20,200,0.1372,145.8,160.3,172.8,162.1,162.1,1.01,1.07
AIC002,15,600,0.0473,316.9,414.8,432.6,380.7,406.6,0.98,1.14
AIC003,20,130,0.1538,130,130,153.2,144.4,144.4,1.11,1.06
AIC004,20,270,0.0718,278.4,275.6,335.3,311.4,311.4,1.13,1.08
AIC005,10,1000,0.0319,313.5,578.1,498.7,408.5,498.7,0.86,1.22
AIC006,10,230,0.0518,193,216.2,319.5,247.9,319.5,1.48,1.29
AIC007,10,340,0.0493,202.9,277.5,335.1,261,335.1,1.21,1.28
AIC008,10,620,0.0238,420.3,535.3,642,552.4,642,1.20,1.16
AIC009,20,290,0.0807,247.7,260.4,298.2,276.8,276.8,1.06,1.08
AIC010,20,200,0.1236,161.8,172.8,192.7,180.1,180.1,1.04,1.07
AIC011,20,450,0.1058,189.1,234.4,226.4,210.7,210.7,0.90,1.07
AIC012,20,230,0.1149,174.1,189.4,207.8,193.8,193.8,1.02,1.07
AIC013,20,670,0.0375,533.7,572.5,634.2,600.7,600.7,1.05,1.06
AIC014,20,450,0.0649,308,344.2,370.9,344.8,344.8,1.00,1.08
AIC015,20,400,0.0632,316.3,340,380.8,354.2,354.2,1.04,1.08
AIC016,20,300,0.1125,177.7,205.6,212.3,197.9,197.9,0.96,1.07
AIC017,20,400,0.0644,310.7,335.7,374.1,347.9,347.9,1.04,1.08
AIC018,11,1100,0.0129,849.8,992.8,1107.5,1125.5,1109.3,1.12,0.98
AKT001,16,630,0.0476,336,429.5,445.7,398.2,417.2,0.97,1.12
AKT002,10,350,0.0689,145.2,238.1,242.3,185,242.3,1.02,1.31
AKT003,15,500,0.0379,396,442,534.1,478.5,506.3,1.15,1.12
AKT004,10,400,0.035,285.7,352.9,459.2,371.3,459.2,1.30,1.24
AKT005,20,300,0.1075,186,213,222.6,207.3,207.3,0.97,1.07
AKT006,20,400,0.08,250,285.7,300.9,279.4,279.4,0.98,1.08
AKT007,20,350,0.0959,208.5,241,250.2,232.6,232.6,0.97,1.08
AKT008,10,310,0.0557,179.5,249.5,298.1,230.1,298.1,1.19,1.30
AKT009,10,420,0.0308,324.5,382.5,514.2,423.3,514.2,1.34,1.21
AKT010,10,400,0.0382,261.9,340.2,424.6,339.5,424.6,1.25,1.25
AKT011,10,500,0.0508,196.9,330.4,325.7,253.1,325.7,0.99,1.29
AKT012,10,370,0.0359,278.5,333.5,448.8,361.6,448.8,1.35,1.24
AKT013,10,650,0.0241,415.4,547,635.7,545.8,635.7,1.16,1.16
AKT014,15,800,0.0425,352.9,489.8,479.3,425.1,452.2,0.92,1.13
AKT015,20,150,0.1639,122,130.1,143.3,135.4,135.4,1.04,1.06
AKT016,20,240,0.1406,142.3,164.6,168.5,158.1,158.1,0.96,1.07
AKT017,10,560,0.0238,420.8,504.4,642.6,553.1,642.6,1.27,1.16
AKT018,10,440,0.033,303.4,382.6,484.6,395,484.6,1.27,1.23
AKT019,5,350,0.0252,198.1,310.3,410.2,282.6,410.2,1.32,1.45
AKT020,20,370,0.1046,191.2,227.9,229,213.1,213.1,0.94,1.07
AKT021,10,600,0.0248,403,515.9,619.6,529,619.6,1.20,1.17
AKT022,13,500,0.0338,385,442.7,548.5,480.7,528.2,1.19,1.14
AKT023,10,480,0.0282,354.4,429.3,555.1,463.4,555.1,1.29,1.20
AOM001,10,470,0.0338,295.7,392.8,473.5,384.6,473.5,1.21,1.23
AOM002,20,1200,0.0636,314.2,416.8,378.4,351.9,351.9,0.84,1.08
AOM003,20,190,0.1209,165.5,172.9,197.2,184.2,184.2,1.07,1.07
AOM004,20,710,0.0664,301.2,372.8,362.8,337.2,337.2,0.90,1.08
AOM005,20,370,0.0777,257.3,286.3,309.7,287.6,287.6,1.00,1.08
AOM006,20,330,0.083,241,264.8,290,269.2,269.2,1.02,1.08
AOM007,10,480,0.0729,137.1,261.8,228.8,174.4,228.8,0.87,1.31
AOM008,20,490,0.0615,325.1,366.2,391.4,364.2,364.2,0.99,1.07
AOM009,20,460,0.0579,345.7,376.9,415.9,387.5,387.5,1.03,1.07
AOM010,20,300,0.0916,218.3,240.1,262.3,243.7,243.7,1.01,1.08
AOM011,20,370,0.0871,229.7,262.9,276.2,256.5,256.5,0.98,1.08
AOM012,20,250,0.0964,207.5,219.9,249,231.4,231.4,1.05,1.08
AOM013,10,470,0.054,185.3,310.8,307.4,237.8,307.4,0.99,1.29
AOM014,20,290,0.0768,260.5,269.6,313.7,291.2,291.2,1.08,1.08
AOM015,10,490,0.0377,265.2,382.1,429.4,343.9,429.4,1.12,1.25
AOM016,20,470,0.0867,230.6,277.7,277.3,257.4,257.4,0.93,1.08
AOM017,10,620,0.0228,438,544.6,664.6,576.4,664.6,1.22,1.15
AOM018,13,420,0.0329,394.7,408.6,561,493.2,540.7,1.32,1.14
AOM019,20,140,0.171,117,123.8,137,129.8,129.8,1.05,1.06
AOM020,20,200,0.121,165.3,175.4,197,183.9,183.9,1.05,1.07
AOM021,20,250,0.0896,223.2,231.5,268.3,249.2,249.2,1.08,1.08
AOM022,13,590,0.053,245.2,366.6,359,301.8,341.8,0.93,1.19
AOM023,20,400,0.1119,178.7,219.1,213.5,199,199,0.91,1.07
AOM024,20,240,0.1336,149.7,171.2,177.7,166.5,166.5,0.97,1.07
AOM025,20,440,0.0759,263.5,304.2,317.3,294.6,294.6,0.97,1.08
AOM026,18,470,0.0964,186.7,246,234.7,213.2,217.5,0.88,1.10
AOM027,20,670,0.0833,240.2,305.5,289,268.3,268.3,0.88,1.08
AOM028,10,750,0.0353,283.5,484.3,456,368.3,456,0.94,1.24
AOM029,20,550,0.0511,391.4,433,469.8,439.2,439.2,1.01,1.07
CHB001,20,345,0.0985,203.1,235.3,243.6,226.5,226.5,0.96,1.08
CHB002,20,465,0.0636,314.5,352.5,378.6,352.1,352.1,1.00,1.08
CHB003,20,355,0.119,168.1,203.9,200.5,187.2,187.2,0.92,1.07
CHB004,20,495,0.0721,277.3,325,334,310.2,310.2,0.95,1.08
CHB005,20,570,0.0465,430.3,468.6,515.3,483.4,483.4,1.03,1.07
CHB006,20,270,0.0933,214.3,230.1,257.3,239.1,239.1,1.04,1.08
CHB007,20,335,0.0947,211.1,240.8,253.4,235.5,235.5,0.98,1.08
CHB008,20,125,0.1549,129.2,127.7,152.1,143.4,143.4,1.12,1.06
CHB009,20,120,0.1376,145.4,135.8,172.3,161.6,161.6,1.19,1.07
CHB010,20,275,0.0882,226.9,240.9,272.7,253.3,253.3,1.05,1.08
CHB011,20,240,0.0933,214.3,222.2,257.3,239.1,239.1,1.08,1.08
CHB012,20,465,0.0912,219.2,266.1,263.4,244.7,244.7,0.92,1.08
CHB013,20,390,0.0809,247.1,281.5,297.4,276.1,276.1,0.98,1.08
CHB014,20,425,0.134,149.3,190.5,177.2,166,166,0.87,1.07
CHB015,20,465,0.151,132.4,173.9,156.2,147.1,147.1,0.85,1.06
CHB016,20,205,0.136,147.1,162.4,174.4,163.5,163.5,1.01,1.07
CHB017,20,340,0.0916,218.3,247.9,262.2,243.6,243.6,0.98,1.08
CHB018,20,1040,0.0697,287,378.3,345.7,321.1,321.1,0.85,1.08
CHB019,20,160,0.1496,133.7,141.4,157.8,148.5,148.5,1.05,1.06
CHB020,20,175,0.1267,157.9,163.2,187.8,175.7,175.7,1.08,1.07
CHB021,10,715,0.022,453.8,599.9,684.4,597.8,684.4,1.14,1.14
CHB022,20,420,0.0771,259.6,297.4,312.5,290.1,290.1,0.98,1.08
CHB024,20,197,0.0963,207.6,204,249.2,231.6,231.6,1.14,1.08
EHM001,20,290,0.0698,286.6,287.7,345.2,320.7,320.7,1.11,1.08
EHM002,10,570,0.0248,403.5,501.1,620.3,529.7,620.3,1.24,1.17
EHM003,17,300,0.0833,204,236.8,264.2,236.1,244.5,1.03,1.12
EHM004,20,360,0.0783,255.3,282.7,307.4,285.4,285.4,1.01,1.08
EHM005,18,460,0.0589,305.4,352.8,385.5,351.1,358,1.01,1.10
EHM006,10,600,0.0232,430.9,530.6,655.6,566.8,655.6,1.24,1.16
EHM007,20,220,0.0972,205.8,210.3,246.9,229.5,229.5,1.09,1.08
EHM008,15,460,0.0693,216.6,294.5,297.7,257.5,277.6,0.94,1.16
EHM009,11,430,0.0384,286.6,363.3,444.8,365.7,436.9,1.20,1.22
EHM010,16,440,0.054,296.1,349.4,394.3,349.8,367.6,1.05,1.13
EHM011,20,340,0.0824,242.9,268.4,292.2,271.3,271.3,1.01,1.08
EHM012,10,590,0.0257,388.9,503.2,601.1,509.9,601.1,1.19,1.18
EHM013,10,500,0.0231,432.1,475.1,657.1,568.3,657.1,1.38,1.16
EHM014,12,300,0.0467,257.1,281.2,389,321.8,375.5,1.34,1.21
EHM015,20,344,0.0614,325.9,331.7,392.3,365.1,365.1,1.10,1.07
EHM016,20,270,0.0961,208.2,225.4,249.9,232.3,232.3,1.03,1.08
FKI001,10,350,0.0457,218.8,291.7,359.6,282.1,359.6,1.23,1.27
FKI002,14,340,0.0511,274,305.6,387.3,333,365.6,1.20,1.16
FKI003,20,150,0.1642,121.8,129.9,143,135.2,135.2,1.04,1.06
FKI004,20,450,0.0546,366.3,390.5,440.2,410.8,410.8,1.05,1.07
FKI005,19,500,0.0586,324.4,372.3,399.5,368.2,371.3,1.00,1.09
FKI006,10,630,0.0265,378,515.5,586.8,495.2,586.8,1.14,1.18
FKI007,20,320,0.1196,167.3,198.9,199.4,186.2,186.2,0.94,1.07
FKI008,20,210,0.111,180.3,189.2,215.5,200.8,200.8,1.06,1.07
FKI009,20,160,0.1363,146.8,150.9,174.1,163.2,163.2,1.08,1.07
FKI010,20,210,0.104,192.3,197.8,230.3,214.3,214.3,1.08,1.07
FKI011,12,450,0.05,240,333.3,364.2,299.6,351.3,1.05,1.22
FKO001,20,230,0.0957,209,215.5,250.8,233.1,233.1,1.08,1.08
FKO002,19,820,0.1657,114.7,167.5,137.1,128.6,129.5,0.77,1.07
FKO003,18,760,0.0848,212.4,298.4,267.8,242.9,247.9,0.83,1.10
FKO004,20,660,0.0941,212.6,274.7,255.3,237.2,237.2,0.86,1.08
FKO005,20,620,0.0908,220.4,280.7,264.8,246,246,0.88,1.08
FKO006,20,320,0.1233,162.2,194.1,193.2,180.5,180.5,0.93,1.07
FKO007,14,620,0.0739,189.5,301,269.1,227.9,252.6,0.84,1.18
FKO008,10,780,0.0388,257.9,465.7,418.6,334.1,418.6,0.90,1.25
FKO009,10,590,0.0538,185.9,342.1,308.3,238.6,308.3,0.90,1.29
FKO010,10,510,0.028,357.4,446.4,559.2,467.4,559.2,1.25,1.20
FKO011,20,330,0.1198,166.9,199.8,199,185.8,185.8,0.93,1.07
FKO012,20,290,0.0625,319.9,309.3,385.2,358.3,358.3,1.16,1.08
FKO013,14,640,0.054,259.2,379.7,367.1,314.6,346.1,0.91,1.17
FKO014,10,1100,0.0233,429,723,653.1,564.1,653.1,0.90,1.16
FKO015,20,310,0.1495,133.8,165,157.9,148.6,148.6,0.90,1.06
FKO016,10,560,0.0414,241.7,389.2,394.5,312.5,394.5,1.01,1.26
FKS001,13,480,0.0656,198.1,296.9,291,242.2,276.4,0.93,1.20
FKS002,10,600,0.0308,324.3,467.5,513.9,423,513.9,1.10,1.21
FKS003,20,270,0.0764,261.8,264.5,315.3,292.7,292.7,1.11,1.08
FKS004,10,330,0.0421,237.4,292,388,306.8,388,1.33,1.26
FKS005,10,650,0.0306,326.8,488.9,517.4,426.4,517.4,1.06,1.21
FKS006,10,260,0.0577,173.3,222.9,288.2,222,288.2,1.29,1.30
FKS007,10,700,0.0303,330.3,509.8,522.1,431,522.1,1.02,1.21
FKS008,10,340,0.0399,250.3,303.7,407.4,324,407.4,1.34,1.26
FKS009,10,490,0.0455,219.6,347.4,361,283.2,361,1.04,1.27
FKS010,10,570,0.0383,260.8,408.6,423,338,423,1.04,1.25
FKS011,10,590,0.045,222.1,380.1,364.7,286.4,364.7,0.96,1.27
FKS012,20,210,0.1003,199.3,202.8,239,222.3,222.3,1.10,1.08
FKS013,20,290,0.0846,236.3,251.9,284.3,264,264,1.05,1.08
FKS014,10,630,0.0275,363.2,506.1,567,475.3,567,1.12,1.19
FKS015,10,560,0.0216,462.4,523.2,695.1,609.4,695.1,1.33,1.14
FKS016,20,510,0.0799,250.2,301.4,301.2,279.6,279.6,0.93,1.08
FKS017,20,260,0.0941,212.6,226.4,255.3,237.2,237.2,1.05,1.08
FKS018,20,300,0.0958,208.8,232.4,250.6,232.9,232.9,1.00,1.08
FKS019,11,340,0.0535,205.6,274.3,325.5,259.4,318.9,1.16,1.25
FKS020,20,240,0.1668,119.9,143.9,140.6,133,133,0.92,1.06
FKS021,20,470,0.0605,330.6,366.9,398,370.5,370.5,1.01,1.07
FKS022,20,410,0.1053,190,231.4,227.5,211.8,211.8,0.92,1.07
FKS023,20,420,0.1221,163.8,205.6,195.1,182.3,182.3,0.89,1.07
FKS024,20,250,0.0952,210,221.8,252.1,234.3,234.3,1.06,1.08
FKS025,10,670,0.0251,398.9,546.3,614.4,523.5,614.4,1.12,1.17
FKS026,20,470,0.0677,295.4,337.2,355.8,330.6,330.6,0.98,1.08
FKS027,10,710,0.0216,463.6,603.2,696.7,611.1,696.7,1.16,1.14
FKS028,20,420,0.0732,273.2,309.3,329.1,305.6,305.6,0.99,1.08
FKS029,20,1110,0.0519,385,492.2,462.3,432,432,0.88,1.07
FKS030,10,560,0.0319,313.3,443.6,498.5,408.2,498.5,1.12,1.22
FKS031,10,450,0.0229,436.6,445.4,662.7,574.4,662.7,1.49,1.15
GIF001,10,480,0.0277,361.6,432.8,564.9,473.2,564.9,1.31,1.19
GIF002,10,590,0.0292,342.5,475.5,538.9,447.5,538.9,1.13,1.20
GIF003,10,630,0.0266,376.4,514.5,584.7,493.1,584.7,1.14,1.19
GIF004,15,690,0.0445,336.9,452.7,458.5,405.3,431.9,0.95,1.13
GIF005,11,420,0.0377,291.4,361.5,451.7,372.2,443.8,1.23,1.21
GIF006,20,740,0.0392,510.7,569.5,607.9,574.5,574.5,1.01,1.06
GIF007,20,420,0.0758,263.9,301.2,317.8,295,295,0.98,1.08
GIF008,17,670,0.039,435.4,513.3,556.6,511.2,524.9,1.02,1.09
GIF009,20,570,0.0518,386.2,432.7,463.7,433.3,433.3,1.00,1.07
GIF010,10,650,0.0373,268.3,440.9,433.9,348,433.9,0.98,1.25
GIF011,10,560,0.0246,407.3,497.8,625.2,534.8,625.2,1.26,1.17
GIF012,10,480,0.0332,300.9,400.5,480.9,391.6,480.9,1.20,1.23
GIF013,10,520,0.0265,377.3,461.8,585.8,494.3,585.8,1.27,1.19
GIF014,11,510,0.0227,483.9,500.1,705.1,628.7,697.5,1.39,1.12
GIF015,11,630,0.0296,371.1,501.7,561.1,477.8,552.7,1.10,1.17
GIF016,10,690,0.0257,389.5,548.8,602,510.7,602,1.10,1.18
GIF017,20,710,0.0501,399,467.2,478.7,447.9,447.9,0.96,1.07
GIF018,11,410,0.0414,265.8,342,415,338.3,407.3,1.19,1.23
GIF019,20,800,0.0393,508.7,579,605.7,572.3,572.3,0.99,1.06
GIF020,20,450,0.0627,319,353.3,384.1,357.3,357.3,1.01,1.08
GIF021,15,640,0.0365,410.5,500.2,552.3,496.5,524.4,1.05,1.11
GIF022,10,490,0.0243,411.8,460.8,631,540.8,631,1.37,1.17
GIF023,15,480,0.0367,408.6,441.4,549.9,494.1,522,1.18,1.11
GIF024,10,480,0.0251,398,449.2,613.2,522.3,613.2,1.37,1.17
GIF025,11,610,0.0424,259.6,408,406,330.2,398.4,0.98,1.23
GIF026,10,530,0.0396,252.6,388,410.7,327,410.7,1.06,1.26
GNM001,10,600,0.0316,316.6,462.1,503,412.6,503,1.09,1.22
GNM002,20,700,0.0507,394.3,461.4,473.2,442.5,442.5,0.96,1.07
GNM003,20,540,0.06,333.1,381.9,400.9,373.3,373.3,0.98,1.07
GNM004,10,355,0.0541,184.9,271.7,306.7,237.2,306.7,1.13,1.29
GNM005,20,455,0.0654,305.8,343.3,368.2,342.3,342.3,1.00,1.08
GNM006,10,720,0.045,222.3,412.3,365.1,286.8,365.1,0.89,1.27
GNM007,20,295,0.0778,257.1,268.6,309.6,287.4,287.4,1.07,1.08
GNM008,20,370,0.0606,330.1,342.4,397.4,369.9,369.9,1.08,1.07
GNM009,20,580,0.0572,349.6,402.9,420.4,391.8,391.8,0.97,1.07
GNM010,20,295,0.0752,265.8,274.9,320.1,297.2,297.2,1.08,1.08
GNM011,20,400,0.0861,232.3,270,279.4,259.4,259.4,0.96,1.08
GNM012,20,430,0.0625,320.1,349.9,385.4,358.5,358.5,1.02,1.08
GNM013,20,330,0.0865,231.3,256.9,278.1,258.2,258.2,1.01,1.08
GNM014,16,1130,0.0336,476.2,652.4,619.5,569.1,589.2,0.90,1.09
GNM015,18,845,0.0281,640.4,709.1,781.4,744.3,751.7,1.06,1.05
GNM016,14,600,0.0398,352.1,451.6,491.7,431.1,467.5,1.04,1.14
HKD001,10,580,0.0299,335,466.3,528.6,437.3,528.6,1.13,1.21
HKD002,20,600,0.0566,353.5,409.6,425.1,396.3,396.3,0.97,1.07
HKD003,20,250,0.1962,101.9,127,118.3,112.9,112.9,0.89,1.05
HKD004,20,95,0.2517,79.5,84.1,90.4,87.8,87.8,1.04,1.03
HKD005,10,490,0.0813,123,245.7,205.1,156,205.1,0.83,1.31
HKD006,20,175,0.1234,162.1,166.2,193,180.4,180.4,1.09,1.07
HKD007,10,450,0.0449,222.8,335.8,365.8,287.4,365.8,1.09,1.27
HKD008,10,300,0.0667,150,225,250.2,191.3,250.2,1.11,1.31
HKD009,10,310,0.051,196.1,259.7,324.4,252,324.4,1.25,1.29
HKD010,10,750,0.0358,279.1,480,449.6,362.4,449.6,0.94,1.24
HKD011,10,470,0.0369,270.9,377.5,437.7,351.4,437.7,1.16,1.25
HKD012,10,410,0.0325,307.8,369.1,490.7,400.8,490.7,1.33,1.22
HKD013,10,630,0.0347,288,451.3,462.5,374.3,462.5,1.02,1.24
HKD014,12,300,0.0614,195.5,247.1,298.5,242.3,287.2,1.16,1.23
HKD015,20,260,0.1064,188,207.1,225,209.5,209.5,1.01,1.07
HKD016,20,460,0.088,227.2,273.3,273.2,253.7,253.7,0.93,1.08
HKD017,10,450,0.0351,284.8,377.1,458,370.1,458,1.21,1.24
HKD018,10,600,0.026,385.3,506,596.5,505.1,596.5,1.18,1.18
HKD019,15,510,0.0676,221.8,309.2,305,264,284.5,0.92,1.16
HKD020,10,710,0.0251,397.7,562.7,612.8,521.9,612.8,1.09,1.17
HKD021,15,560,0.0725,206.8,302,284.2,245.6,264.9,0.88,1.16
HKD022,20,450,0.0605,330.4,362.5,397.6,370.1,370.1,1.02,1.07
HKD023,20,420,0.0893,223.9,265.1,269.1,249.9,249.9,0.94,1.08
HKD024,10,490,0.0482,207.6,337.2,342.5,267.3,342.5,1.02,1.28
HKD025,20,350,0.1046,191.3,225.3,229.1,213.2,213.2,0.95,1.07
HKD026,10,390,0.0473,211.6,304.4,348.6,272.6,348.6,1.15,1.28
HKD027,20,580,0.051,392.5,439.9,471.1,440.5,440.5,1.00,1.07
HKD028,15,640,0.0525,285.8,395.1,391.5,342.3,366.9,0.93,1.14
HKD029,10,610,0.041,243.7,406.3,397.4,315.2,397.4,0.98,1.26
HKD030,20,690,0.0625,319.9,389.5,385.1,358.3,358.3,0.92,1.07
HKD031,10,800,0.0379,263.7,476.7,427.1,341.8,427.1,0.90,1.25
HKD032,20,480,0.1292,154.8,200,184,172.2,172.2,0.86,1.07
HKD033,20,640,0.0594,336.9,400.1,405.4,377.6,377.6,0.94,1.07
HKD034,11,300,0.0445,247,278.1,387.6,313.7,380.2,1.37,1.24
HKD035,14,838,0.0396,353.7,511.3,493.7,433.1,469.5,0.92,1.14
HKD036,12,150,0.0921,130.3,141.4,197.9,159.2,190.1,1.34,1.24
HKD037,20,400,0.0812,246.5,282.6,296.6,275.4,275.4,0.97,1.08
HKD038,20,740,0.046,434.3,503.7,519.9,487.9,487.9,0.97,1.07
HKD039,20,714,0.072,277.9,349,334.8,310.9,310.9,0.89,1.08
HKD040,10,370,0.0508,197,286.2,325.8,253.2,325.8,1.14,1.29
HKD041,20,720,0.0524,382,452.8,458.7,428.5,428.5,0.95,1.07
HKD042,10,620,0.0348,287.6,447.6,461.9,373.8,461.9,1.03,1.24
HKD043,10,230,0.0482,207.4,221.9,342.1,267,342.1,1.54,1.28
HKD044,20,170,0.1225,163.2,165.4,194.4,181.6,181.6,1.10,1.07
HKD045,10,700,0.0232,430.1,578.9,654.6,565.7,654.6,1.13,1.16
HKD046,10,740,0.0183,546.1,661.7,796,723.2,796,1.20,1.10
HKD047,10,480,0.0377,265.5,378.2,429.8,344.3,429.8,1.14,1.25
HKD048,20,380,0.0931,214.8,251.2,257.9,239.6,239.6,0.95,1.08
HKD049,20,270,0.0686,291.6,284,351.2,326.3,326.3,1.15,1.08
HKD050,10,330,0.0409,244.4,295.5,398.6,316.2,398.6,1.35,1.26
HKD051,15,360,0.0847,177,237.4,242.7,209.4,226.1,0.95,1.16
HKD052,20,240,0.1111,180,196.4,215.2,200.5,200.5,1.02,1.07
HKD053,10,320,0.0392,254.9,294.9,414.2,330.1,414.2,1.40,1.25
HKD054,13,530,0.0439,296.3,395,430.3,366.9,411.3,1.04,1.17
HKD055,20,321,0.089,224.8,249.8,270.2,251,251,1.00,1.08
HKD056,10,280,0.0429,233.3,262.5,381.9,301.4,381.9,1.45,1.27
HKD057,19,332,0.0827,229.8,259,282.9,259.8,262.1,1.01,1.09
HKD058,14,476,0.0623,224.7,312.7,319,271.5,300,0.96,1.17
HKD059,20,370,0.1322,151.3,188.5,179.7,168.3,168.3,0.89,1.07
HKD060,20,290,0.0943,212.1,232.9,254.6,236.6,236.6,1.02,1.08
HKD061,10,240,0.055,181.8,216.9,301.8,233.2,301.8,1.39,1.29
HKD062,10,160,0.0739,135.4,150.9,225.9,172.1,225.9,1.50,1.31
HKD063,17,720,0.0833,204,295.9,264.2,236.1,244.5,0.83,1.12
HKD064,10,380,0.0382,261.7,330.2,424.2,339.2,424.2,1.28,1.25
HKD065,20,630,0.054,370.6,429.5,445.3,415.7,415.7,0.97,1.07
HKD066,20,150,0.1722,116.1,125.6,135.9,128.8,128.8,1.03,1.06
HKD067,10,250,0.0553,180.9,221.8,300.4,232,300.4,1.35,1.29
HKD068,20,340,0.0916,218.2,247.8,262.2,243.5,243.5,0.98,1.08
HKD069,20,210,0.128,156.3,170.8,185.8,173.9,173.9,1.02,1.07
HKD070,20,155,0.1518,131.7,138.7,155.3,146.3,146.3,1.05,1.06
HKD071,17,260,0.0766,222,237,287.8,257.3,266.4,1.12,1.12
HKD072,10,420,0.0673,148.7,261.1,248,189.5,248,0.95,1.31
HKD073,10,280,0.0429,233.3,262.5,381.9,301.4,381.9,1.45,1.27
HKD074,12,380,0.0619,193.9,274.6,296.1,240.3,285,1.04,1.23
HKD075,10,340,0.0538,186,266.5,308.5,238.7,308.5,1.16,1.29
HKD076,20,156,0.1464,136.6,142.5,161.4,151.7,151.7,1.06,1.06
HKD077,20,291,0.1096,182.6,208.5,218.3,203.4,203.4,0.98,1.07
HKD078,20,340,0.104,192.2,224.8,230.3,214.3,214.3,0.95,1.07
HKD079,10,200,0.0725,138,173.9,230.2,175.5,230.2,1.32,1.31
HKD080,20,400,0.0791,252.8,288.1,304.3,282.5,282.5,0.98,1.08
HKD081,20,590,0.0751,266.2,325.8,320.5,297.6,297.6,0.91,1.08
HKD082,20,150,0.13,153.8,152.5,182.8,171.1,171.1,1.12,1.07
HKD083,20,850,0.0359,557.5,629.7,661.1,627.7,627.7,1.00,1.05
HKD084,20,670,0.0549,364.6,429.9,438.2,408.8,408.8,0.95,1.07
HKD085,20,150,0.1333,150,150,178,166.8,166.8,1.11,1.07
HKD086,20,400,0.1245,160.6,200.7,191.2,178.8,178.8,0.89,1.07
HKD087,10,450,0.0366,273.4,370.3,441.4,354.8,441.4,1.19,1.24
HKD088,10,550,0.0315,317.7,442.2,504.6,414.1,504.6,1.14,1.22
HKD089,10,480,0.0459,217.7,342.4,358,280.6,358,1.05,1.28
HKD090,14,855,0.0561,249.8,401.3,354.1,302.7,333.5,0.83,1.17
HKD091,20,165,0.2622,76.3,92.9,86.4,84.3,84.3,0.91,1.02
HKD092,14,330,0.0787,177.9,235.9,252.2,213.4,236.7,1.00,1.18
HKD093,10,410,0.0399,250.5,338.2,407.7,324.3,407.7,1.21,1.26
HKD094,20,350,0.0667,300,315,361.3,335.8,335.8,1.07,1.08
HKD095,20,820,0.072,277.9,356.4,334.7,310.8,310.8,0.87,1.08
HKD096,20,580,0.0623,320.9,377,386.3,359.4,359.4,0.95,1.07
HKD097,10,260,0.0674,148.5,207.9,247.6,189.3,247.6,1.19,1.31
HKD098,10,520,0.0279,357.8,451.7,559.7,468,559.7,1.24,1.20
HKD099,20,400,0.0891,224.4,262.9,269.7,250.5,250.5,0.95,1.08
HKD100,11,331,0.0767,143.4,223.7,227.9,178.8,223,1.00,1.27
HKD101,10,710,0.0209,478.2,611.2,714.6,630.8,714.6,1.17,1.13
HKD102,13,408,0.0505,257.4,325.5,376.2,317.3,358.5,1.10,1.19
HKD103,10,480,0.0575,173.8,302.4,288.9,222.6,288.9,0.96,1.30
HKD104,10,310,0.0412,242.8,283.8,396.1,314,396.1,1.40,1.26
HKD105,20,630,0.0635,315,378,379.3,352.8,352.8,0.93,1.08
HKD106,20,280,0.1004,199.1,220.3,238.7,222,222,1.01,1.08
HKD107,11,460,0.0474,232.3,338.4,365.7,294.3,358.6,1.06,1.24
HKD108,10,260,0.0531,188.4,230.8,312.3,241.9,312.3,1.35,1.29
HKD109,10,277,0.0577,173.2,230.9,288,221.8,288,1.25,1.30
HKD110,20,215,0.1078,185.5,194.4,222,206.7,206.7,1.06,1.07
HKD111,10,370,0.0339,294.8,341,472.3,383.5,472.3,1.39,1.23
HKD112,10,400,0.0642,155.8,262.8,259.8,199,259.8,0.99,1.31
HKD113,10,900,0.0305,328.1,569.3,519.1,428.1,519.1,0.91,1.21
HKD114,10,630,0.0683,146.5,300,244.4,186.7,244.4,0.81,1.31
HKD115,20,250,0.0728,274.8,266,330.9,307.3,307.3,1.16,1.08
HKD116,20,420,0.0805,248.4,287.6,299,277.6,277.6,0.97,1.08
HKD117,20,630,0.066,303.2,366.6,365.2,339.5,339.5,0.93,1.08
HKD118,20,510,0.067,298.4,346.3,359.3,334,334,0.96,1.08
HKD119,10,414,0.0393,254.3,342.3,413.3,329.3,413.3,1.21,1.26
HKD120,20,210,0.0884,226.3,220.6,272.1,252.7,252.7,1.15,1.08
HKD121,20,540,0.087,229.8,284.2,276.3,256.6,256.6,0.90,1.08
HKD122,20,260,0.097,206.2,221.5,247.4,230,230,1.04,1.08
HKD123,10,1020,0.0282,354.2,627.1,554.9,463.2,554.9,0.88,1.20
HKD124,10,690,0.0348,287,470,461.1,373,461.1,0.98,1.24
HKD125,18,350,0.1058,170.2,214.2,213.3,194.1,197.9,0.92,1.10
HKD126,20,280,0.1545,129.4,157.7,152.5,143.7,143.7,0.91,1.06
HKD127,10,480,0.0529,189.1,317.3,313.4,242.8,313.4,0.99,1.29
HKD128,20,220,0.1313,152.3,169.7,180.9,169.4,169.4,1.00,1.07
HKD129,20,430,0.054,370.3,388.3,445,415.4,415.4,1.07,1.07
HKD130,20,570,0.0519,385.4,432,462.7,432.4,432.4,1.00,1.07
HKD131,15,550,0.0467,321.4,405.7,438.4,386.2,412.3,1.02,1.14
HKD132,20,280,0.1044,191.5,214.1,229.4,213.5,213.5,1.00,1.07
HKD133,20,460,0.0718,278.6,320.8,335.5,311.6,311.6,0.97,1.08
HKD134,20,560,0.064,312.3,366.3,376,349.7,349.7,0.95,1.08
HKD135,20,250,0.1117,179.1,197.8,214.1,199.5,199.5,1.01,1.07
HKD136,20,400,0.0774,258.5,293,311.2,288.9,288.9,0.99,1.08
HKD137,10,770,0.0262,382.3,575.5,592.5,501,592.5,1.03,1.18
HKD138,15,630,0.0614,244.2,352,335.5,291.3,313.4,0.89,1.15
HKD139,15,700,0.0544,275.9,395.8,378.3,330.2,354.2,0.89,1.15
HKD140,12,570,0.0526,228,356.3,346.7,284.1,334.2,0.94,1.22
HKD141,10,720,0.024,416.5,579.3,637.1,547.3,637.1,1.10,1.16
HKD142,20,260,0.0972,205.8,221.2,246.9,229.5,229.5,1.04,1.08
HKD143,20,410,0.0936,213.7,254.3,256.7,238.5,238.5,0.94,1.08
HKD144,20,340,0.1035,193.2,225.7,231.5,215.4,215.4,0.95,1.07
HKD145,20,480,0.0885,226,274.4,271.7,252.3,252.3,0.92,1.08
HKD146,20,470,0.0537,372.7,400.3,447.8,418,418,1.04,1.07
HKD147,20,320,0.0719,278.3,290.9,335.1,311.3,311.3,1.07,1.08
HKD148,20,465,0.0619,323.1,359.7,388.9,361.9,361.9,1.01,1.07
HKD149,10,630,0.0325,307.3,466.6,490,400.1,490,1.05,1.22
HKD150,20,400,0.0867,230.7,268.6,277.4,257.6,257.6,0.96,1.08
HKD151,20,330,0.1057,189.3,220.6,226.6,210.9,210.9,0.96,1.07
HKD152,20,630,0.0601,333,395.1,400.8,373.1,373.1,0.94,1.07
HKD153,10,610,0.0584,171.4,329.2,285.1,219.4,285.1,0.87,1.30
HKD154,12,630,0.0585,205.3,344.7,313.1,254.8,301.5,0.87,1.23
HKD155,20,310,0.1026,195,222.5,233.7,217.4,217.4,0.98,1.07
HKD156,20,590,0.0721,277.4,336.9,334.1,310.3,310.3,0.92,1.08
HKD157,10,670,0.0461,217.1,395.2,357.1,279.9,357.1,0.90,1.28
HKD158,20,150,0.1767,113.2,123.3,132.3,125.6,125.6,1.02,1.05
HKD159,12,630,0.0712,168.6,300.8,257.7,207.9,247.7,0.82,1.24
HKD160,20,350,0.089,224.6,255.1,270,250.8,250.8,0.98,1.08
HKD161,18,480,0.1601,112.4,162.1,137.6,127.4,129.5,0.80,1.08
HKD162,10,410,0.0524,190.7,296.4,315.9,244.9,315.9,1.07,1.29
HKD163,10,580,0.0327,305.6,446.4,487.5,397.8,487.5,1.09,1.23
HKD164,12,540,0.0384,312.8,418.4,467,394.1,452.4,1.08,1.18
HKD165,20,450,0.131,152.6,195.7,181.3,169.7,169.7,0.87,1.07
HKD166,10,740,0.0235,425,593.4,648,558.8,648,1.09,1.16
HKD167,13,570,0.056,232.2,349.6,340.4,285.3,323.9,0.93,1.19
HKD168,10,420,0.0371,269.2,353.9,435.3,349.3,435.3,1.23,1.25
HKD169,10,510,0.0316,316.6,423.7,503.1,412.7,503.1,1.19,1.22
HKD170,10,950,0.0218,457.9,699.4,689.5,603.2,689.5,0.99,1.14
HKD171,10,780,0.0303,330,536.3,521.8,430.7,521.8,0.97,1.21
HKD172,10,440,0.0466,214.6,325.9,353.3,276.6,353.3,1.08,1.28
HKD173,20,230,0.0971,205.9,213.4,247.1,229.7,229.7,1.08,1.08
HKD174,10,520,0.0443,225.7,362.5,370.4,291.3,370.4,1.02,1.27
HKD175,10,480,0.0306,326.8,415.2,517.4,426.4,517.4,1.25,1.21
HKD176,10,630,0.0489,204.4,371.9,337.5,263.1,337.5,0.91,1.28
HKD177,10,510,0.0353,282.9,402.4,455.2,367.6,455.2,1.13,1.24
HKD178,20,390,0.1115,179.4,218.8,214.4,199.8,199.8,0.91,1.07
HKD179,20,200,0.1182,169.2,178.4,201.9,188.4,188.4,1.06,1.07
HKD180,20,180,0.1822,109.8,126.2,128,121.7,121.7,0.96,1.05
HKD181,20,240,0.1123,178,194.8,212.7,198.3,198.3,1.02,1.07
HKD182,20,560,0.0775,258.2,314.8,310.9,288.6,288.6,0.92,1.08
HKD183,10,630,0.0296,337.5,488.8,532.1,440.7,532.1,1.09,1.21
HKD184,20,430,0.0827,241.8,283.1,291,270.1,270.1,0.95,1.08
HKD185,20,500,0.0775,258.1,307.7,310.8,288.5,288.5,0.94,1.08
HRS001,10,510,0.0455,219.7,354,361.1,283.3,361.1,1.02,1.27
HRS002,10,400,0.0351,284.5,352.3,457.5,369.7,457.5,1.30,1.24
HRS003,10,540,0.0493,202.9,347.6,335.1,261.1,335.1,0.96,1.28
HRS004,10,630,0.0226,441.6,551.6,669.2,581.3,669.2,1.21,1.15
HRS005,12,580,0.0372,322.6,439.7,480.5,407,465.8,1.06,1.18
HRS006,11,690,0.0364,301.8,468.9,466.4,385.9,458.3,0.98,1.21
HRS007,10,690,0.0248,402.5,557.3,619,528.3,619,1.11,1.17
HRS008,11,670,0.0304,361.3,510.2,548,464.7,539.7,1.06,1.18
HRS009,18,800,0.0484,372.1,473.3,467.7,429.1,436.8,0.92,1.09
HRS010,20,880,0.072,278,360.1,334.8,310.9,310.9,0.86,1.08
HRS011,11,610,0.0275,399.9,511.5,599,516.2,590.7,1.15,1.16
HRS012,11,420,0.0519,211.8,308.7,334.8,267.5,328.1,1.06,1.25
HRS013,20,120,0.161,124.3,122.8,146.1,137.9,137.9,1.12,1.06
HRS014,20,220,0.1023,195.6,203.1,234.3,218,218,1.07,1.07
HRS015,20,400,0.0892,224.2,262.7,269.5,250.3,250.3,0.95,1.08
HRS016,10,560,0.0273,366,475.9,570.8,479.1,570.8,1.20,1.19
HRS017,10,440,0.028,356.8,408.2,558.3,466.6,558.3,1.37,1.20
HRS018,20,150,0.1322,151.3,150.9,179.7,168.3,168.3,1.12,1.07
HRS019,20,400,0.1218,164.2,204.3,195.6,182.7,182.7,0.89,1.07
HRS020,10,310,0.0542,184.7,252.8,306.3,236.9,306.3,1.21,1.29
HRS021,10,370,0.0398,251.2,319.6,408.8,325.3,408.8,1.28,1.26
HYG001,10,690,0.035,285.5,468.7,458.9,371,458.9,0.98,1.24
HYG002,20,310,0.0814,245.7,263.9,295.7,274.5,274.5,1.04,1.08
HYG003,10,410,0.0398,251.1,338.6,408.5,325,408.5,1.21,1.26
HYG004,10,780,0.0173,578.3,698.7,833.2,767.1,833.2,1.19,1.09
HYG005,15,490,0.0546,275,352.3,377,329,353,1.00,1.15
HYG006,10,640,0.026,384,523.6,594.7,503.3,594.7,1.14,1.18
HYG007,10,710,0.0194,515.1,630.5,759.3,681,759.3,1.20,1.11
HYG008,10,480,0.0379,263.9,377.1,427.5,342.1,427.5,1.13,1.25
HYG009,20,420,0.0637,314,342.9,378.1,351.7,351.7,1.03,1.08
HYG010,16,350,0.0564,283.5,311.1,378,334.7,352,1.13,1.13
HYG011,10,730,0.0408,244.8,439.6,399.2,316.7,399.2,0.91,1.26
HYG012,10,530,0.0332,300.8,422.7,480.8,391.5,480.8,1.14,1.23
HYG013,15,410,0.0534,281,333.5,385.1,336.4,360.8,1.08,1.14
HYG014,10,920,0.024,417.4,656.5,638.2,548.4,638.2,0.97,1.16
HYG015,10,570,0.0325,307.9,444,490.8,400.9,490.8,1.11,1.22
HYG016,20,400,0.1177,169.9,210.2,202.7,189.2,189.2,0.90,1.07
HYG017,10,540,0.03,333.4,447.6,526.5,435.2,526.5,1.18,1.21
HYG018,20,450,0.0611,327.5,360.2,394.2,366.9,366.9,1.02,1.07
HYG019,10,280,0.0488,204.9,249.5,338.2,263.7,338.2,1.36,1.28
HYG020,10,380,0.0309,323.7,359.2,512.9,422.1,512.9,1.43,1.22
HYG021,10,680,0.0265,378.1,537,586.9,495.3,586.9,1.09,1.18
HYG022,20,380,0.0982,203.7,241,244.4,227.2,227.2,0.94,1.08
HYG023,20,400,0.07,285.7,315.8,344.1,319.7,319.7,1.01,1.08
HYG024,20,400,0.0777,257.4,292.1,309.9,287.7,287.7,0.98,1.08
HYG025,14,680,0.0526,266.1,394,376.6,323.2,355.2,0.90,1.17
HYG026,10,600,0.0411,243.3,403,396.9,314.7,396.9,0.98,1.26
HYG027,10,850,0.0157,638.3,765.4,900.5,849.2,900.5,1.18,1.06
IBR001,10,330,0.0834,120,208.4,199.8,152,199.8,0.96,1.31
IBR002,10,550,0.0506,197.4,344.8,326.5,253.8,326.5,0.95,1.29
IBR003,19,530,0.0819,232,292.2,285.6,262.3,264.6,0.91,1.09
IBR004,20,390,0.0667,300,325,361.3,335.8,335.8,1.03,1.08
IBR005,13,560,0.0626,207.8,322.9,305.2,254.4,290,0.90,1.20
IBR006,20,740,0.0604,331.3,406.1,398.8,371.2,371.2,0.91,1.07
IBR007,20,610,0.0845,236.6,297.3,284.7,264.3,264.3,0.89,1.08
IBR008,20,600,0.042,476.2,511.4,568.4,535.4,535.4,1.05,1.06
IBR009,20,280,0.075,266.7,271,321.1,298.2,298.2,1.10,1.08
IBR010,20,210,0.1052,190.2,196.4,227.7,212,212,1.08,1.07
IBR011,20,220,0.09,222.2,221.5,267.1,248,248,1.12,1.08
IBR012,20,200,0.106,188.7,192.3,225.9,210.3,210.3,1.09,1.07
IBR013,20,450,0.0911,219.5,264.7,263.7,245,245,0.93,1.08
IBR014,20,420,0.0891,224.4,265.6,269.7,250.5,250.5,0.94,1.08
IBR015,20,330,0.1083,184.7,216.4,220.9,205.7,205.7,0.95,1.07
IBR016,20,480,0.086,232.5,280.7,279.6,259.6,259.6,0.92,1.08
IBR017,20,300,0.0855,234,252.5,281.5,261.4,261.4,1.04,1.08
IBR018,20,320,0.0784,255,273.6,307,285,285,1.04,1.08
ISK001,11,890,0.034,323.6,542.1,496.7,414.7,488.5,0.90,1.20
ISK002,20,130,0.1332,150.1,142.8,178.2,166.9,166.9,1.17,1.07
ISK003,20,790,0.0417,479.3,551.6,571.9,538.9,538.9,0.98,1.06
ISK004,15,320,0.1351,111,164.9,148.6,129.7,139.2,0.84,1.15
ISK005,19,290,0.1975,96.2,127.4,113.4,107.6,108.2,0.85,1.05
ISK006,12,390,0.041,292.5,344.1,438.9,367.7,424.7,1.23,1.19
ISK007,20,220,0.1668,119.9,141.3,140.6,133.1,133.1,0.94,1.06
ISK008,20,320,0.0995,201,229.5,241.1,224.2,224.2,0.98,1.08
ISK009,20,260,0.0962,208,222.9,249.6,232,232,1.04,1.08
ISK010,11,540,0.0421,261.4,388.2,408.5,332.5,400.9,1.03,1.23
ISK011,20,170,0.1275,156.9,161.1,186.6,174.6,174.6,1.08,1.07
ISK012,10,560,0.0425,235.3,383.6,384.9,304,384.9,1.00,1.27
ISK013,20,770,0.0497,402.7,478.8,483,452,452,0.94,1.07
ISK014,20,130,0.1991,100.5,108.7,116.5,111.3,111.3,1.02,1.05
IWT001,10,320,0.0628,159.2,239.4,265.2,203.3,265.2,1.11,1.30
IWT002,10,370,0.0384,260.2,324.4,422,337.1,422,1.30,1.25
IWT003,20,240,0.0976,204.9,215.4,245.9,228.6,228.6,1.06,1.08
IWT004,10,410,0.0402,249.1,337.3,405.5,322.4,405.5,1.20,1.26
IWT005,10,500,0.0336,297.5,407.5,476,387,476,1.17,1.23
IWT006,12,180,0.0767,156.5,169.8,239,192.5,229.7,1.35,1.24
IWT007,20,450,0.0616,324.9,358,391.1,363.9,363.9,1.02,1.07
IWT008,10,1400,0.0133,750,1086.2,1019.2,1002.5,1019.2,0.94,1.02
IWT009,10,950,0.0307,325.7,579.6,515.7,424.8,515.7,0.89,1.21
IWT010,10,730,0.0175,570.7,667.9,824.5,756.8,824.5,1.23,1.09
IWT011,20,250,0.08,250,250,300.9,279.4,279.4,1.12,1.08
IWT012,10,260,0.0631,158.5,214.3,264.2,202.5,264.2,1.23,1.30
IWT013,10,340,0.0323,309.9,329.4,493.7,403.7,493.7,1.50,1.22
IWT014,10,350,0.0527,189.6,273,314.2,243.4,314.2,1.15,1.29
IWT015,10,450,0.0276,362.9,416.7,566.6,474.9,566.6,1.36,1.19
IWT016,16,730,0.0491,326.2,439.7,433.1,386.3,405,0.92,1.12
IWT017,10,600,0.0353,283,436.9,455.3,367.7,455.3,1.04,1.24
IWT018,20,450,0.0644,310.3,346.2,373.7,347.5,347.5,1.00,1.08
IWT019,20,310,0.066,302.9,305.2,364.8,339.1,339.1,1.11,1.08
IWT020,20,250,0.1652,121.1,146.2,142.1,134.4,134.4,0.92,1.06
IWT021,10,280,0.05,200,247.1,330.6,257.2,330.6,1.34,1.29
IWT022,10,600,0.0417,240,400,392,310.3,392,0.98,1.26
IWT023,10,650,0.0305,328,489.7,518.9,427.9,518.9,1.06,1.21
IWT024,10,550,0.0408,245.4,389,400,317.4,400,1.03,1.26
IWT025,10,480,0.0365,273.8,383.7,441.9,355.3,441.9,1.15,1.24
IWT026,20,350,0.0765,261.4,285.5,314.8,292.3,292.3,1.02,1.08
KGS001,20,450,0.0562,355.6,382.4,427.6,398.7,398.7,1.04,1.07
KGS002,10,500,0.0279,358.9,442.1,561.2,469.5,561.2,1.27,1.20
KGS003,20,390,0.0847,236.1,271.8,284,263.7,263.7,0.97,1.08
KGS004,20,380,0.1209,165.4,203.7,197.1,184.1,184.1,0.90,1.07
KGS005,12,430,0.0424,282.8,355.9,425.4,355.1,411.3,1.16,1.20
KGS006,20,420,0.075,266.8,303.7,321.3,298.3,298.3,0.98,1.08
KGS007,20,230,0.1088,183.8,197,219.9,204.8,204.8,1.04,1.07
KGS008,20,340,0.0678,295.1,308.7,355.4,330.2,330.2,1.07,1.08
KGS009,20,240,0.1103,181.3,197.4,216.8,202,202,1.02,1.07
KGS010,20,330,0.0836,239.2,263.4,287.8,267.2,267.2,1.01,1.08
KGS011,20,350,0.0856,233.5,262.7,280.9,260.8,260.8,0.99,1.08
KGS012,20,330,0.1042,191.9,223,229.8,213.9,213.9,0.96,1.07
KGS013,18,900,0.0647,278.3,384.6,351.7,319.6,326,0.85,1.10
KGS014,20,320,0.0928,215.4,241.8,258.8,240.4,240.4,0.99,1.08
KGS015,20,380,0.0832,240.2,273.8,289.1,268.4,268.4,0.98,1.08
KGS016,11,330,0.039,281.8,310.5,438,359.4,430.1,1.39,1.22
KGS017,20,420,0.0929,215.3,257,258.5,240.2,240.2,0.93,1.08
KGS018,20,350,0.0979,204.4,237.3,245.2,227.9,227.9,0.96,1.08
KGS019,10,570,0.0632,158.3,305.4,263.9,202.2,263.9,0.86,1.31
KGS020,20,570,0.0789,253.5,311.1,305.1,283.3,283.3,0.91,1.08
KGS021,20,560,0.0948,211,266.3,253.3,235.4,235.4,0.88,1.08
KGS022,14,750,0.0638,219.3,352.3,311.5,264.8,292.8,0.83,1.18
KGS023,20,320,0.1051,190.3,220,227.8,212.1,212.1,0.96,1.07
KGS024,15,720,0.0669,224.3,342,308.3,266.9,287.6,0.84,1.16
KGS025,10,900,0.0146,682.8,813.7,948.7,910.1,948.7,1.17,1.04
KGS026,10,550,0.0551,181.4,327.9,301.1,232.6,301.1,0.92,1.29
KGS027,10,500,0.0433,230.8,360,378,298,378,1.05,1.27
KGS028,10,400,0.0427,234.2,323.6,383.1,302.5,383.1,1.18,1.27
KGS029,10,750,0.0227,439.8,607.2,666.8,578.7,666.8,1.10,1.15
KGS030,20,620,0.0637,314.2,376,378.3,351.8,351.8,0.94,1.08
KGS031,20,780,0.0635,315.1,393.2,379.4,352.8,352.8,0.90,1.08
KGS032,10,560,0.0261,382.6,485,592.9,501.5,592.9,1.22,1.18
KGS033,12,360,0.0578,207.7,278.4,316.7,258,305,1.10,1.23
KGS034,10,800,0.0141,708.9,767.1,976.4,945.9,976.4,1.27,1.03
KGS035,14,800,0.0379,369.2,518,514,452.7,489.5,0.94,1.14
KGS036,20,210,0.1052,190.2,196.3,227.7,211.9,211.9,1.08,1.07
KGS037,10,500,0.0367,272.7,391.3,440.4,353.9,440.4,1.13,1.24
KGW001,20,400,0.0689,290.3,319.5,349.6,324.8,324.8,1.02,1.08
KGW002,10,290,0.0569,175.6,238.3,291.9,225,291.9,1.22,1.30
KGW003,10,450,0.0375,266.9,366.3,432,346.2,432,1.18,1.25
KGW004,12,280,0.061,196.8,239.5,300.4,243.9,289.1,1.21,1.23
KGW005,20,420,0.1055,189.6,232,227,211.3,211.3,0.91,1.07
KGW006,10,350,0.0286,350,350,549.2,457.5,549.2,1.57,1.20
KGW007,20,370,0.1162,172.1,209.4,205.4,191.6,191.6,0.91,1.07
KGW008,11,390,0.0361,304.5,353.6,470.1,389.4,462,1.31,1.21
KMM001,10,810,0.0449,222.5,430.9,365.4,287.1,365.4,0.85,1.27
KMM002,10,630,0.0525,190.5,356.1,315.6,244.6,315.6,0.89,1.29
KMM003,20,430,0.0836,239.1,280.7,287.7,267.1,267.1,0.95,1.08
KMM004,16,480,0.0757,211.4,286.1,282.2,247.8,261.6,0.91,1.14
KMM005,15,570,0.0523,286.7,381.5,392.7,343.5,368.1,0.96,1.14
KMM006,16,360,0.0873,183.3,237.7,244.1,214.1,226.1,0.95,1.14
KMM007,17,770,0.071,239.3,341.3,310.5,277.8,287.6,0.84,1.12
KMM008,20,260,0.1251,159.9,183.4,190.3,177.9,177.9,0.97,1.07
KMM009,10,510,0.0451,221.7,355.8,364.2,286,364.2,1.02,1.27
KMM010,20,470,0.1342,149.1,193,176.9,165.7,165.7,0.86,1.07
KMM011,15,350,0.0809,185.4,242.4,254.4,219.5,237,0.98,1.16
KMM012,20,250,0.0974,205.4,218.4,246.4,229,229,1.05,1.08
KMM013,11,620,0.0501,219.7,371.7,346.9,277.9,340,0.91,1.25
KMM014,20,1820,0.0312,640.6,817.1,754.3,722.3,722.3,0.88,1.04
KMM015,17,800,0.0651,261.2,368.9,338.9,303.7,314.3,0.85,1.12
KMM016,20,860,0.0883,226.5,300.2,272.3,252.8,252.8,0.84,1.08
KMM017,20,480,0.0606,329.9,368.2,397,369.6,369.6,1.00,1.07
KMM018,10,640,0.0348,287.2,454,461.3,373.2,461.3,1.02,1.24
KMM019,14,360,0.0831,168.5,235.2,238.7,201.9,224,0.95,1.18
KMM020,10,710,0.0259,386.2,554.9,597.7,506.4,597.7,1.08,1.18
KMM021,20,200,0.1057,189.3,192.7,226.6,210.9,210.9,1.09,1.07
KMM022,19,1140,0.0827,229.7,324.8,282.8,259.7,262,0.81,1.09
KNG001,20,170,0.1602,124.8,137,146.8,138.6,138.6,1.01,1.06
KNG002,20,445,0.1952,102.5,137.8,119,113.5,113.5,0.82,1.05
KNG003,10,755,0.0349,286.5,488.6,460.3,372.3,460.3,0.94,1.24
KNG004,10,620,0.0655,152.7,306.9,254.5,194.8,254.5,0.83,1.31
KNG005,20,710,0.0537,372.4,442.5,447.5,417.7,417.7,0.94,1.07
KNG006,15,650,0.0582,257.6,368.9,353.7,307.7,330.7,0.90,1.15
KNG007,20,320,0.0657,304.3,309.4,366.5,340.7,340.7,1.10,1.08
KNG008,20,565,0.0727,275.2,332,331.5,307.8,307.8,0.93,1.08
KNG009,20,140,0.1566,127.7,131.5,150.3,141.8,141.8,1.08,1.06
KNG010,20,390,0.0549,364.2,372.4,437.8,408.5,408.5,1.10,1.07
KNG011,10,660,0.0258,387.6,534.7,599.5,508.2,599.5,1.12,1.18
KNG012,20,630,0.0495,403.7,458.6,484.2,453.2,453.2,0.99,1.07
KNG013,20,250,0.2476,80.8,104.3,92,89.3,89.3,0.86,1.03
KNG014,20,445,0.0548,365,388.3,438.8,409.4,409.4,1.05,1.07
KOC001,12,430,0.0568,211.3,304.1,322,262.6,310.1,1.02,1.23
KOC002,15,190,0.0773,194.1,192.1,266.7,230.2,248.4,1.29,1.16
KOC003,20,380,0.0841,237.9,271.8,286.2,265.7,265.7,0.98,1.08
KOC004,20,500,0.0606,330.2,372.3,397.4,369.9,369.9,0.99,1.07
KOC005,20,710,0.0556,359.7,430.5,432.5,403.4,403.4,0.94,1.07
KOC006,10,280,0.0709,140.9,210.7,235.2,179.4,235.2,1.12,1.31
KOC007,20,130,0.1232,162.3,149.9,193.3,180.6,180.6,1.20,1.07
KOC008,10,1050,0.0176,567.6,818.2,820.9,752.5,820.9,1.00,1.09
KOC009,10,710,0.0214,466.8,604.9,700.6,615.3,700.6,1.16,1.14
KOC010,10,500,0.0492,203.1,336.2,335.4,261.3,335.4,1.00,1.28
KOC011,5,1101,0.0083,601.7,967.2,915.2,797.2,915.2,0.95,1.15
KOC012,10,520,0.0474,210.9,349.3,347.5,271.7,347.5,0.99,1.28
KOC013,20,190,0.1006,198.9,195.8,238.4,221.8,221.8,1.13,1.07
KOC014,20,180,0.1048,190.9,187.1,228.6,212.7,212.7,1.14,1.07
KOC015,20,340,0.1294,154.6,188.9,183.7,172,172,0.91,1.07
KOC016,16,1150,0.0447,358.1,527.7,473.8,425.1,444.5,0.84,1.11
KOC017,10,520,0.0265,377.4,461.8,586,494.5,586,1.27,1.19
KYT001,10,560,0.0268,373.3,480,580.6,489,580.6,1.21,1.19
KYT002,20,260,0.1701,117.6,143.8,137.7,130.4,130.4,0.91,1.06
KYT003,10,670,0.0398,251,430.5,408.4,325,408.4,0.95,1.26
KYT004,20,120,0.1504,133,128.3,156.9,147.7,147.7,1.15,1.06
KYT005,10,1280,0.0181,551.2,888.4,801.9,730.2,801.9,0.90,1.10
KYT006,20,600,0.0521,384.2,436.6,461.4,431.1,431.1,0.99,1.07
KYT007,10,540,0.0188,530.9,536.9,778.1,702.5,778.1,1.45,1.11
KYT008,10,650,0.0323,309.5,475.6,493.1,403.2,493.1,1.04,1.22
KYT009,10,850,0.048,208.2,419.2,343.3,268,343.3,0.82,1.28
KYT010,12,640,0.0421,285.2,427.3,428.7,358.2,414.6,0.97,1.20
KYT011,20,440,0.0771,259.6,300.7,312.5,290.1,290.1,0.96,1.08
KYT012,17,670,0.0483,352.3,443.4,454.5,411.9,424.7,0.96,1.10
KYT013,20,420,0.0706,283.4,317.9,341.4,317.1,317.1,1.00,1.08
KYT014,10,740,0.0308,324.6,518.7,514.2,423.3,514.2,0.99,1.21
KYT015,10,880,0.0245,408.6,635.6,626.9,536.5,626.9,0.99,1.17
MIE001,20,550,0.0413,484.8,504.7,578.3,545.2,545.2,1.08,1.06
MIE002,14,260,0.0581,241,250.8,341.8,291.8,321.8,1.28,1.17
MIE003,20,270,0.1016,196.8,216.3,235.9,219.4,219.4,1.01,1.08
MIE004,10,530,0.0365,274,404.1,442.2,355.6,442.2,1.09,1.24
MIE005,17,650,0.039,435.7,508.4,557,511.6,525.2,1.03,1.09
MIE006,20,250,0.0973,205.5,218.4,246.5,229.2,229.2,1.05,1.08
MIE007,20,570,0.0508,393.9,439.1,472.7,442,442,1.01,1.07
MIE008,15,330,0.059,254.1,287.1,349,303.4,326.2,1.14,1.15
MIE009,20,300,0.0971,206,230,247.1,229.7,229.7,1.00,1.08
MIE010,20,330,0.0934,214.1,242.4,257.1,238.8,238.8,0.99,1.08
MIE011,10,950,0.0223,448.1,691.7,677.3,590,677.3,0.98,1.15
MIE012,10,770,0.0187,534.1,671.2,781.9,706.9,781.9,1.16,1.11
MIE013,20,220,0.1018,196.4,203.7,235.4,219,219,1.08,1.07
MIE014,12,1040,0.0124,966.8,1009.4,1209.1,1267.6,1220.8,1.21,0.95
MIE015,20,510,0.0439,455.9,472.6,544.9,512.3,512.3,1.08,1.06
MIE016,10,650,0.0328,305.2,472.2,487.1,397.4,487.1,1.03,1.23
MIE017,10,630,0.0269,371.5,511.4,578.2,486.5,578.2,1.13,1.19
MIE018,20,700,0.0527,379.7,448,456.1,426,426,0.95,1.07
MYG001,10,500,0.028,357.2,441.2,558.9,467.2,558.9,1.27,1.20
MYG002,10,590,0.03,333,469.2,525.8,434.6,525.8,1.12,1.21
MYG003,10,670,0.0332,301.2,475.8,481.3,392,481.3,1.01,1.23
MYG004,10,550,0.0334,299.3,430,478.7,389.5,478.7,1.11,1.23
MYG005,20,370,0.062,322.5,337,388.3,361.3,361.3,1.07,1.07
MYG006,20,400,0.1515,132.1,170,155.8,146.7,146.7,0.86,1.06
MYG007,12,710,0.1045,114.8,231.1,173.4,139.7,166.7,0.72,1.24
MYG008,20,320,0.0911,219.6,245.2,263.8,245.1,245.1,1.00,1.08
MYG009,10,750,0.0292,343,537.5,539.7,448.2,539.7,1.00,1.20
MYG010,20,300,0.0812,246.2,261.8,296.2,275,275,1.05,1.08
MYG011,20,2000,0.0159,1254.8,1432.7,1400,1423.7,1423.7,0.99,0.98
MYG012,20,880,0.055,363.7,452.2,437.2,407.9,407.9,0.90,1.07
MYG013,15,440,0.076,197.4,272.5,271.2,234.1,252.6,0.93,1.16
MYG014,10,560,0.0454,220.2,369.8,361.9,284,361.9,0.98,1.27
MYG015,20,410,0.1055,189.5,230.9,226.9,211.2,211.2,0.91,1.07
MYG016,20,550,0.0532,376,420.3,451.7,421.8,421.8,1.00,1.07
MYG017,20,240,0.1817,110.1,134.3,128.4,122.1,122.1,0.91,1.05
MYZ001,10,460,0.0293,341.6,412.4,537.8,446.3,537.8,1.30,1.21
MYZ002,17,680,0.0374,454.7,530.9,579.8,534.2,547.9,1.03,1.09
MYZ003,13,480,0.0586,222,319.3,325.8,272.4,309.8,0.97,1.20
MYZ004,10,700,0.0175,571.8,651.3,825.7,758.2,825.7,1.27,1.09
MYZ005,10,1070,0.015,667.7,891,932.5,889.4,932.5,1.05,1.05
MYZ006,12,660,0.0337,356.3,492.2,525.9,451.1,510.9,1.04,1.17
MYZ007,10,700,0.0309,323.4,504.3,512.6,421.8,512.6,1.02,1.22
MYZ008,16,440,0.0441,362.9,395.2,479.8,430.9,450.4,1.14,1.11
MYZ009,20,240,0.1044,191.6,205.4,229.5,213.6,213.6,1.04,1.07
MYZ010,20,310,0.0743,269.1,281.5,324.1,301,301,1.07,1.08
MYZ011,20,560,0.0712,280.9,336.9,338.4,314.3,314.3,0.93,1.08
MYZ012,15,860,0.0348,431.6,574.8,578.6,522.7,550.6,0.96,1.11
MYZ013,20,170,0.1179,169.6,169.8,202.4,188.8,188.8,1.11,1.07
MYZ014,20,440,0.086,232.5,275.9,279.6,259.6,259.6,0.94,1.08
MYZ015,20,290,0.0754,265.2,272.9,319.3,296.5,296.5,1.09,1.08
MYZ016,20,300,0.0802,249.3,264.2,300.1,278.6,278.6,1.05,1.08
MYZ017,20,560,0.07,285.7,341.5,344.1,319.7,319.7,0.94,1.08
MYZ018,20,440,0.0624,320.4,352.3,385.8,358.9,358.9,1.02,1.07
MYZ019,10,800,0.0225,444.4,631.6,672.7,585.1,672.7,1.07,1.15
MYZ020,10,570,0.0391,255.8,404.4,415.5,331.3,415.5,1.03,1.25
NAR001,10,440,0.0374,267.3,362.1,432.6,346.7,432.6,1.19,1.25
NAR002,11,360,0.0381,288.5,330,447.6,368.3,439.6,1.33,1.22
NAR003,10,240,0.0488,204.9,227,338.2,263.7,338.2,1.49,1.28
NAR004,10,470,0.0334,299.7,395.2,479.3,390,479.3,1.21,1.23
NAR005,14,390,0.0598,234,297.5,332.1,283.1,312.5,1.05,1.17
NAR006,11,670,0.0273,402.4,538.7,602.3,519.6,594,1.10,1.16
NAR007,10,650,0.0224,446.4,564.2,675.1,587.7,675.1,1.20,1.15
NAR008,10,800,0.0367,272.8,486.5,440.5,354,440.5,0.91,1.24
NAR009,10,510,0.0352,284.5,403.4,457.4,369.6,457.4,1.13,1.24
NGN001,20,535,0.0736,271.6,324.9,327.1,303.7,303.7,0.93,1.08
NGN002,10,350,0.0426,235,300.9,384.4,303.6,384.4,1.28,1.27
NGN003,10,600,0.0301,332,472.8,524.5,433.4,524.5,1.11,1.21
NGN004,20,540,0.0485,412.5,447.7,494.5,463.1,463.1,1.03,1.07
NGN005,20,850,0.0439,455.5,538.8,544.4,511.8,511.8,0.95,1.06
NGN006,20,440,0.0547,365.9,387.7,439.8,410.4,410.4,1.06,1.07
NGN007,20,515,0.0701,285.1,335,343.4,319,319,0.95,1.08
NGN008,11,700,0.0279,394.1,544.9,591.4,508.5,583.1,1.07,1.16
NGN009,20,450,0.0561,356.3,382.9,428.4,399.5,399.5,1.04,1.07
NGN010,20,610,0.0661,302.7,363.8,364.5,338.9,338.9,0.93,1.08
NGN011,20,675,0.0405,493.8,542.3,588.6,555.4,555.4,1.02,1.06
NGN012,20,605,0.0428,467.2,505.5,558,525.1,525.1,1.04,1.06
NGN013,10,890,0.017,588.6,760.3,845,781.2,845,1.11,1.08
NGN014,20,700,0.0765,261.3,330.3,314.7,292.1,292.1,0.88,1.08
NGN015,20,185,0.1081,185,185,221.3,206.1,206.1,1.11,1.07
NGN016,20,400,0.0771,259.3,293.8,312.3,289.9,289.9,0.99,1.08
NGN017,11,440,0.0307,358.5,406.2,544.3,461.1,535.9,1.32,1.18
NGN018,20,540,0.0505,396.3,434.9,475.6,444.8,444.8,1.02,1.07
NGN019,12,380,0.0508,236.3,305.6,358.8,294.8,346,1.13,1.22
NGN020,20,695,0.0395,506.2,556.6,602.8,569.4,569.4,1.02,1.06
NGN021,20,710,0.0416,480.2,538.3,573,539.9,539.9,1.00,1.06
NGN022,10,550,0.0307,325.4,447.1,515.4,424.5,515.4,1.15,1.21
NGN023,14,605,0.0388,360.8,459.8,503,442.1,478.6,1.04,1.14
NGN024,10,300,0.0549,182.3,246.9,302.5,233.8,302.5,1.23,1.29
NGN025,13,720,0.0421,308.6,456.4,447.1,382.6,427.7,0.94,1.17
NGS001,11,280,0.0634,173.5,228.5,275.7,217.6,269.9,1.18,1.27
NGS002,20,380,0.1407,142.1,179.6,168.3,158,158,0.88,1.07
NGS003,10,580,0.0272,368.3,486.8,573.9,482.2,573.9,1.18,1.19
NGS004,10,690,0.0491,203.5,384,336.1,261.9,336.1,0.88,1.28
NGS005,11,590,0.0428,257.1,400.1,402.3,326.9,394.8,0.99,1.23
NGS006,10,680,0.0227,441.1,576,668.5,580.5,668.5,1.16,1.15
NGS007,10,560,0.0282,354.3,469.2,555,463.4,555,1.18,1.20
NGS008,10,920,0.0183,546.9,749.5,796.9,724.2,796.9,1.06,1.10
NGS009,20,440,0.0636,314.3,347.4,378.4,351.9,351.9,1.01,1.08
NGS010,10,500,0.0407,245.6,371.6,400.3,317.7,400.3,1.08,1.26
NGS011,10,880,0.0193,518.5,714,763.3,685.6,763.3,1.07,1.11
NGS012,10,380,0.0322,310.9,353.8,495.1,405,495.1,1.40,1.22
NGS013,10,700,0.0341,293.6,479,470.5,381.8,470.5,0.98,1.23
NGS014,16,880,0.1123,142.5,234,188,165.5,174.5,0.75,1.14
NGS015,10,700,0.0255,391.8,554.6,605,513.8,605,1.09,1.18
NGS016,10,530,0.0353,283.2,410.7,455.5,367.9,455.5,1.11,1.24
NGS017,10,570,0.0343,291.2,432.1,467,378.6,467,1.08,1.23
NGS018,10,770,0.0166,602.7,704.8,860.9,800.5,860.9,1.22,1.08
NGS019,15,880,0.0748,200.4,326.5,275.4,237.9,256.6,0.79,1.16
NGS020,10,1050,0.0145,688.5,893.6,954.9,918,954.9,1.07,1.04
NGS021,10,700,0.0311,321.6,502.8,510.1,419.4,510.1,1.01,1.22
NGS022,10,720,0.0347,288.4,480.3,463.1,374.8,463.1,0.96,1.24
NGS023,10,250,0.0379,264.2,254.5,427.9,342.5,427.9,1.68,1.25
NIG001,10,980,0.0235,424.7,682.5,647.6,558.3,647.6,0.95,1.16
NIG002,20,200,0.09,222.2,214.3,267.1,248,248,1.16,1.08
NIG003,20,210,0.1188,168.3,180.2,200.7,187.3,187.3,1.04,1.07
NIG004,13,360,0.0569,228.4,288.1,334.9,280.4,318.6,1.11,1.19
NIG005,20,400,0.0774,258.3,292.9,311,288.7,288.7,0.99,1.08
NIG006,20,580,0.1031,194.1,249.4,232.5,216.3,216.3,0.87,1.07
NIG007,20,460,0.0768,260.6,304.6,313.7,291.3,291.3,0.96,1.08
NIG008,20,550,0.1011,197.9,251.5,237.2,220.6,220.6,0.88,1.08
NIG009,20,300,0.1239,161.4,190.8,192.2,179.6,179.6,0.94,1.07
NIG010,20,198,0.1285,155.6,167.6,185,173.1,173.1,1.03,1.07
NIG011,20,210,0.1481,135,153.3,159.5,150,150,0.98,1.06
NIG012,15,240,0.0833,180,205.7,246.9,213,229.9,1.12,1.16
NIG013,20,160,0.1274,156.9,157.9,186.7,174.6,174.6,1.11,1.07
NIG014,20,200,0.1731,115.5,134.5,135.2,128.1,128.1,0.95,1.06
NIG015,20,470,0.046,435,446,520.7,488.6,488.6,1.10,1.07
NIG016,10,350,0.0444,225.2,295.5,369.6,290.7,369.6,1.25,1.27
NIG017,20,330,0.0815,245.4,268.3,295.3,274.1,274.1,1.02,1.08
NIG018,20,190,0.1123,178,181.8,212.7,198.3,198.3,1.09,1.07
NIG019,20,510,0.0602,332.3,376,399.9,372.3,372.3,0.99,1.07
NIG020,20,560,0.0675,296.3,351.5,356.9,331.6,331.6,0.94,1.08
NIG021,10,610,0.0389,257.4,418.8,417.9,333.5,417.9,1.00,1.25
NIG022,20,270,0.1153,173.5,197,207.2,193.2,193.2,0.98,1.07
NIG023,12,690,0.0257,467.2,579.5,668.2,597.1,654,1.13,1.12
NIG024,10,450,0.0437,228.6,340.2,374.8,295.2,374.8,1.10,1.27
NIG025,20,250,0.165,121.2,146.3,142.2,134.5,134.5,0.92,1.06
NIG026,15,500,0.0693,216.3,302,297.4,257.2,277.3,0.92,1.16
NIG027,11,560,0.0461,238.4,374.6,374.8,302.3,367.5,0.98,1.24
OIT001,10,580,0.0336,297.6,440.6,476.2,387.2,476.2,1.08,1.23
OIT002,18,620,0.0606,297.2,375.4,375.3,341.6,348.4,0.93,1.10
OIT003,12,660,0.0423,283.5,431,426.3,356,412.2,0.96,1.20
OIT004,13,400,0.0517,251.4,318.4,367.7,309.6,350.3,1.10,1.19
OIT005,10,830,0.0213,470.5,661.5,705.2,620.4,705.2,1.07,1.14
OIT006,10,1050,0.0211,473.5,746.9,708.9,624.4,708.9,0.95,1.14
OIT007,20,770,0.0641,312.2,389.4,376,349.6,349.6,0.90,1.08
OIT008,15,990,0.0376,399.2,569,538.1,482.4,510.3,0.90,1.12
OIT009,20,300,0.1025,195.2,220.9,233.9,217.6,217.6,0.99,1.07
OIT010,20,210,0.1311,152.6,167.9,181.3,169.7,169.7,1.01,1.07
OIT011,18,660,0.1001,179.8,253.6,225.8,205.2,209.3,0.83,1.10
OIT012,10,930,0.0361,276.9,520.7,446.5,359.5,446.5,0.86,1.24
OIT013,20,1370,0.0358,559.1,696.5,662.9,629.5,629.5,0.90,1.05
OIT014,14,650,0.0376,371.9,481.8,517.4,456.1,492.9,1.02,1.13
OIT015,10,500,0.0434,230.3,359.6,377.3,297.4,377.3,1.05,1.27
OIT016,20,210,0.1367,146.3,162.7,173.4,162.6,162.6,1.00,1.07
OIT017,10,1140,0.0153,652.9,913,916.5,869.2,916.5,1.00,1.05
OIT018,10,1300,0.0103,970.5,1167.8,1232.5,1306.9,1232.5,1.06,0.94
OKN001,10,410,0.0391,255.5,341.2,415.1,331,415.1,1.22,1.25
OKN002,17,560,0.0711,239.2,318.2,310.3,277.7,287.5,0.90,1.12
OKN003,20,390,0.0673,297,322.7,357.7,332.4,332.4,1.03,1.08
OKN004,20,400,0.0707,283,313.6,340.8,316.6,316.6,1.01,1.08
OKN005,15,450,0.0533,281.7,346.5,386,337.3,361.6,1.04,1.14
OKN006,10,600,0.0296,337.6,476.5,532.2,440.8,532.2,1.12,1.21
OKN007,17,600,0.044,386.1,456.7,496.4,452.3,465.6,1.02,1.10
OKN008,12,630,0.031,387.2,503.7,566.6,491.6,551.6,1.10,1.15
OKN009,17,320,0.0617,275.6,293.2,357.5,320.8,331.8,1.13,1.11
OKN010,10,620,0.0251,399,523.4,614.4,523.5,614.4,1.17,1.17
OKN011,10,680,0.0356,281.2,461.7,452.7,365.3,452.7,0.98,1.24
OKY001,10,550,0.0381,262.8,403.1,425.8,340.6,425.8,1.06,1.25
OKY002,10,510,0.0262,381.3,458.4,591.2,499.7,591.2,1.29,1.18
OKY003,10,680,0.0293,341.2,510.9,537.1,445.6,537.1,1.05,1.21
OKY004,10,510,0.0337,296.8,411.5,475.1,386.1,475.1,1.15,1.23
OKY005,10,470,0.0567,176.3,302.2,292.9,225.9,292.9,0.97,1.30
OKY006,10,490,0.0307,325.8,419.5,516,425.1,516,1.23,1.21
OKY007,13,750,0.0536,242.4,393.2,355,298.3,338,0.86,1.19
OKY008,13,610,0.0399,325.8,442.6,470.3,404.6,450.6,1.02,1.16
OKY009,10,740,0.0442,226.2,421.2,371.1,292,371.1,0.88,1.27
OKY010,10,440,0.0491,203.7,317.3,336.3,262.1,336.3,1.06,1.28
OKY011,20,360,0.105,190.4,225.9,228,212.3,212.3,0.94,1.07
OKY012,20,480,0.0753,265.6,312.1,319.9,297,297,0.95,1.08
OKY013,10,750,0.034,294.4,494.7,471.6,382.8,471.6,0.95,1.23
OKY014,10,500,0.0454,220.1,351.1,361.7,283.8,361.7,1.03,1.27
OKY015,14,600,0.0598,234.2,347,332.3,283.3,312.7,0.90,1.17
OSK001,20,410,0.0669,298.9,328.5,359.9,334.5,334.5,1.02,1.08
OSK002,20,330,0.0674,296.6,307,357.3,332,332,1.08,1.08
OSK003,20,320,0.1003,199.4,228,239.1,222.3,222.3,0.98,1.08
OSK004,20,300,0.0908,220.2,241.7,264.6,245.8,245.8,1.02,1.08
OSK005,20,380,0.0937,213.5,250,256.4,238.2,238.2,0.95,1.08
OSK006,20,290,0.1137,175.9,202.4,210.1,195.9,195.9,0.97,1.07
OSK007,20,410,0.0562,356,372.4,428.1,399.2,399.2,1.07,1.07
OSK008,20,240,0.0854,234.1,236.1,281.6,261.5,261.5,1.11,1.08
OSK009,12,610,0.0325,369.2,483.8,543,468,528,1.09,1.16
OSK010,20,270,0.106,188.7,209.8,225.9,210.3,210.3,1.00,1.07
SAG001,10,1020,0.017,588.5,819.6,844.8,781,844.8,1.03,1.08
SAG002,20,526,0.0734,272.7,324.8,328.4,304.9,304.9,0.94,1.08
SAG003,10,350,0.0363,275.1,320.9,443.9,357.1,443.9,1.38,1.24
SAG004,11,520,0.0382,288.3,401.7,447.3,368.1,439.4,1.09,1.22
SAG005,10,570,0.0338,296.2,435.8,474.3,385.4,474.3,1.09,1.23
SAG006,10,460,0.0596,167.8,291.1,279.3,214.7,279.3,0.96,1.30
SAG007,20,230,0.1645,121.6,144.2,142.7,134.9,134.9,0.94,1.06
SAG008,20,600,0.0493,405.6,454.7,486.4,455.3,455.3,1.00,1.07
SIG001,20,440,0.0688,290.6,327.7,350,325.2,325.2,0.99,1.08
SIG002,20,600,0.0641,311.8,371.3,375.5,349.2,349.2,0.94,1.08
SIG003,20,380,0.0895,223.4,259,268.5,249.4,249.4,0.96,1.08
SIG004,14,420,0.0464,301.8,355.1,425,367.8,402.1,1.13,1.16
SIG005,20,400,0.0831,240.6,277.5,289.5,268.8,268.8,0.97,1.08
SIG006,20,680,0.0738,271,339,326.4,303.1,303.1,0.89,1.08
SIG007,20,230,0.0988,202.5,210.9,242.9,225.8,225.8,1.07,1.08
SIG008,20,500,0.0555,360.7,397.6,433.6,404.4,404.4,1.02,1.07
SIG009,20,390,0.0809,247.1,281.5,297.4,276.1,276.1,0.98,1.08
SIG010,20,430,0.0499,400.8,410.1,480.9,449.9,449.9,1.10,1.07
SIG011,20,360,0.0784,255,282.4,306.9,285,285,1.01,1.08
SIG012,10,680,0.0303,330.3,502.6,522.1,431,522.1,1.04,1.21
SIT001,20,460,0.0764,261.7,305.6,315.1,292.5,292.5,0.96,1.08
SIT002,20,355,0.0748,267.4,291.4,322.1,299,299,1.03,1.08
SIT003,20,88,0.2215,90.3,89.5,103.8,99.9,99.9,1.12,1.04
SIT004,13,460,0.0654,198.8,293.1,292.1,243.1,277.4,0.95,1.20
SIT005,10,255,0.0607,164.8,215.6,274.4,210.7,274.4,1.27,1.30
SIT006,10,1070,0.027,369.9,656.1,576,484.4,576,0.88,1.19
SIT007,10,790,0.032,312.7,523.6,497.7,407.5,497.7,0.95,1.22
SIT008,20,350,0.1533,130.4,164.9,153.7,144.9,144.9,0.88,1.06
SIT009,20,425,0.0715,279.6,315.6,336.8,312.8,312.8,0.99,1.08
SIT010,20,160,0.1458,137.1,144,162.1,152.4,152.4,1.06,1.06
SIT011,20,125,0.1701,117.6,119.9,137.7,130.4,130.4,1.09,1.06
SIT012,20,965,0.0317,630.3,712.7,742.7,710.5,710.5,1.00,1.05
SIT013,20,835,0.0885,225.9,298.5,271.6,252.2,252.2,0.84,1.08
SIT014,10,445,0.0536,186.7,304.6,309.6,239.6,309.6,1.02,1.29
SMN001,10,360,0.05,200,284.2,330.6,257.2,330.6,1.16,1.29
SMN002,20,250,0.16,125,150,147,138.8,138.8,0.93,1.06
SMN003,10,500,0.048,208.3,340.9,343.5,268.2,343.5,1.01,1.28
SMN004,13,600,0.0644,201.7,323.4,296.3,246.7,281.5,0.87,1.20
SMN005,20,190,0.1221,163.8,171.7,195.1,182.3,182.3,1.06,1.07
SMN006,10,560,0.0245,408,498.2,626.2,535.8,626.2,1.26,1.17
SMN007,17,700,0.0535,317.8,416.3,411.1,370.9,382.9,0.92,1.11
SMN008,10,430,0.0403,248,345.5,403.9,320.9,403.9,1.17,1.26
SMN009,12,640,0.0606,198.1,338.2,302.4,245.6,291,0.86,1.23
SMN010,10,800,0.024,417.5,612.8,638.4,548.6,638.4,1.04,1.16
SMN011,10,1160,0.0304,329.3,630.2,520.8,429.8,520.8,0.83,1.21
SMN012,10,520,0.0317,315.5,427.6,501.6,411.2,501.6,1.17,1.22
SMN013,10,630,0.0194,516.4,587,760.9,682.8,760.9,1.30,1.11
SMN014,11,320,0.0438,251.4,290.9,394,319.5,386.6,1.33,1.23
SMN015,14,470,0.0298,470,470,640.9,580.4,616.7,1.31,1.10
SMN016,10,320,0.0656,152.4,234.1,254.1,194.4,254.1,1.09,1.31
SMN017,10,440,0.0636,157.1,275,261.9,200.7,261.9,0.95,1.30
SMN018,13,350,0.0668,194.5,260,285.8,237.7,271.4,1.04,1.20
SMN019,10,250,0.0526,190.2,226.3,315.2,244.3,315.2,1.39,1.29
SMN020,20,1180,0.0341,586.6,704.7,693.9,660.8,660.8,0.94,1.05
SZO001,10,435,0.0342,292.4,374.2,468.9,380.3,468.9,1.25,1.23
SZO002,12,315,0.0495,242.6,281.4,368,303,355,1.26,1.21
SZO003,10,210,0.0652,153.4,187,255.7,195.7,255.7,1.37,1.31
SZO004,10,1000,0.0358,279.3,537.6,450,362.7,450,0.84,1.24
SZO005,20,230,0.1003,199.3,208.6,239,222.3,222.3,1.07,1.08
SZO006,10,610,0.0332,301.2,454.7,481.4,392.1,481.4,1.06,1.23
SZO007,10,430,0.0291,343.3,396.6,540,448.5,540,1.36,1.20
SZO008,20,450,0.0635,315.2,350.1,379.5,353,353,1.01,1.08
SZO009,10,690,0.0313,319.8,497.9,507.5,416.9,507.5,1.02,1.22
SZO010,20,620,0.0559,357.6,416.3,429.9,400.9,400.9,0.96,1.07
SZO011,20,460,0.0743,269.1,312.3,324.1,300.9,300.9,0.96,1.08
SZO012,20,400,0.0575,347.8,363.6,418.4,389.9,389.9,1.07,1.07
SZO013,20,150,0.1683,118.8,127.7,139.3,131.8,131.8,1.03,1.06
SZO014,20,400,0.056,357.1,370.4,429.4,400.4,400.4,1.08,1.07
SZO015,10,500,0.029,344.8,434.8,542.1,450.6,542.1,1.25,1.20
SZO016,20,260,0.0985,203.1,219.1,243.6,226.5,226.5,1.03,1.08
SZO017,20,430,0.0667,300,333.6,361.3,335.8,335.8,1.01,1.08
SZO018,20,400,0.0624,320.3,343.1,385.7,358.8,358.8,1.05,1.07
SZO019,10,690,0.0145,690,690,956.4,920,956.4,1.39,1.04
SZO020,20,500,0.0648,308.7,353.9,371.8,345.7,345.7,0.98,1.08
SZO021,10,630,0.0238,420,540,641.6,552,641.6,1.19,1.16
SZO022,20,570,0.0627,318.7,373.6,383.8,357,357,0.96,1.08
SZO023,20,250,0.08,250,250,300.9,279.4,279.4,1.12,1.08
SZO024,20,440,0.0515,388.2,404.1,466.1,435.6,435.6,1.08,1.07
SZO025,20,290,0.1202,166.3,193.9,198.3,185.2,185.2,0.96,1.07
SZO026,11,670,0.0343,320.5,478.6,492.4,410.6,484.2,1.01,1.20
TCG001,11,555,0.028,392.3,481.7,589.1,506.1,580.8,1.21,1.16
TCG002,11,530,0.0262,420.4,483.8,625.5,543.6,617.3,1.28,1.15
TCG003,20,405,0.0621,321.9,345.5,387.5,360.5,360.5,1.04,1.07
TCG004,20,525,0.0522,383,421,460,429.8,429.8,1.02,1.07
TCG005,20,280,0.0847,236.1,249.1,284,263.7,263.7,1.06,1.08
TCG006,20,615,0.0483,413.9,464.6,496.2,464.7,464.7,1.00,1.07
TCG007,10,605,0.0259,385.6,508.5,596.8,505.5,596.8,1.17,1.18
TCG008,20,615,0.0841,237.8,298.9,286.1,265.6,265.6,0.89,1.08
TCG009,20,460,0.0991,201.8,248.2,242,225,225,0.91,1.08
TCG010,20,680,0.0433,461.4,516.8,551.3,518.6,518.6,1.00,1.06
TCG011,11,1020,0.0405,271.7,507.5,423.5,346.1,415.8,0.82,1.22
TCG012,20,515,0.0628,318.5,364.9,383.5,356.8,356.8,0.98,1.07
TCG013,20,420,0.0607,329.4,354.9,396.5,369.1,369.1,1.04,1.07
TCG014,16,500,0.0495,323.4,387.2,429.6,382.9,401.6,1.04,1.12
TCG015,20,350,0.0642,311.4,323.3,375,348.7,348.7,1.08,1.08
TCG016,20,590,0.044,454.7,492.4,543.6,511,511,1.04,1.06
TKS001,20,170,0.136,147.1,154,174.4,163.5,163.5,1.06,1.07
TKS002,20,200,0.1183,169,178.2,201.6,188.2,188.2,1.06,1.07
TKS003,14,740,0.0584,239.6,374.8,340,290.1,320,0.85,1.17
TKS004,16,450,0.0764,209.5,279.1,279.7,245.5,259.2,0.93,1.14
TKS005,10,1010,0.0308,324.6,592.8,514.2,423.4,514.2,0.87,1.21
TKS006,20,450,0.0974,205.4,250.8,246.4,229.1,229.1,0.91,1.08
TKS007,20,440,0.0652,307,341.4,369.7,343.7,343.7,1.01,1.08
TKS008,10,540,0.0398,251.3,390.5,408.9,325.4,408.9,1.05,1.26
TKS009,16,520,0.0394,405.9,452.2,533.5,483.1,503.3,1.11,1.10
TKS010,19,790,0.0755,251.7,335.6,310.2,284.9,287.4,0.86,1.09
TKS011,10,910,0.0212,471.9,695,707,622.4,707,1.02,1.14
TKS012,10,490,0.0357,280,392,451,363.6,451,1.15,1.24
TKY001,19,720,0.0484,392.5,471,481.4,446.4,449.9,0.96,1.08
TKY002,10,630,0.0339,295,457,472.6,383.7,472.6,1.03,1.23
TKY003,20,545,0.1037,192.9,245.8,231.1,215,215,0.87,1.07
TKY004,20,445,0.074,270.3,311,325.6,302.3,302.3,0.97,1.08
TKY005,20,400,0.0921,217.1,256.1,260.8,242.3,242.3,0.95,1.08
TKY006,20,575,0.0839,238.2,296,286.6,266.1,266.1,0.90,1.08
TKY007,20,490,0.0853,234.3,283.7,281.9,261.7,261.7,0.92,1.08
TKY008,20,535,0.053,377.4,418.5,453.3,423.3,423.3,1.01,1.07
TKY009,20,320,0.0708,282.6,294.1,340.4,316.2,316.2,1.08,1.08
TKY010,20,260,0.0774,258.3,258.9,311,288.8,288.8,1.12,1.08
TKY011,11,580,0.0412,267.3,405.9,417.1,340.3,409.5,1.01,1.23
TKY012,13,265,0.0687,189.4,225.9,278.2,231.2,264.1,1.17,1.20
TKY029,20,960,0.047,425.3,522.3,509.4,477.6,477.6,0.91,1.07
TTR001,10,300,0.0448,223.4,269.2,366.8,288.2,366.8,1.36,1.27
TTR002,20,390,0.0858,233.2,269.3,280.5,260.4,260.4,0.97,1.08
TTR003,10,530,0.0348,287.2,413.5,461.4,373.3,461.4,1.12,1.24
TTR004,20,345,0.0615,325.1,331.5,391.3,364.2,364.2,1.10,1.07
TTR005,11,110,0.1,110,110,173.1,135.9,169.4,1.54,1.27
TTR006,20,460,0.0635,314.9,351.9,379.2,352.6,352.6,1.00,1.08
TTR007,10,500,0.0342,292.6,404.4,469,380.4,469,1.16,1.23
TTR008,20,170,0.1595,125.4,137.4,147.5,139.2,139.2,1.01,1.06
TTR009,20,570,0.0534,374.6,423,450.1,420.2,420.2,0.99,1.07
TYM001,10,590,0.0465,214.9,373,353.7,277,353.7,0.95,1.28
TYM002,20,140,0.1361,147,144.6,174.3,163.4,163.4,1.13,1.07
TYM003,10,580,0.0249,401.5,505.2,617.7,527,617.7,1.22,1.17
TYM004,10,410,0.0329,304.3,367.5,485.8,396.2,485.8,1.32,1.23
TYM005,20,200,0.1225,163.3,173.9,194.5,181.7,181.7,1.04,1.07
TYM006,10,310,0.0557,179.5,249.5,298.1,230.1,298.1,1.19,1.30
TYM007,10,330,0.0503,198.6,270.4,328.4,255.4,328.4,1.21,1.29
TYM008,10,500,0.036,277.8,394.7,447.8,360.7,447.8,1.13,1.24
TYM009,10,320,0.0378,264.6,299.1,428.5,343,428.5,1.43,1.25
TYM010,10,390,0.0372,269,339.1,434.9,348.9,434.9,1.28,1.25
TYM011,10,460,0.0341,293.6,386.9,470.6,381.9,470.6,1.22,1.23
TYM012,10,440,0.0348,287,373.6,461,372.9,461,1.23,1.24
WKY001,20,220,0.1,200,206.2,239.8,223,223,1.08,1.08
WKY002,20,570,0.0673,297.4,353.8,358.1,332.8,332.8,0.94,1.08
WKY003,20,160,0.1458,137.1,144,162.1,152.4,152.4,1.06,1.06
WKY004,10,1180,0.0271,369.7,681.8,575.7,484,575.7,0.84,1.19
WKY005,10,580,0.0542,184.5,338.3,306.1,236.7,306.1,0.90,1.29
WKY006,20,300,0.1179,169.6,198.4,202.4,188.9,188.9,0.95,1.07
WKY007,10,510,0.0491,203.7,339.7,336.4,262.1,336.4,0.99,1.28
WKY008,20,180,0.1171,170.9,173.8,203.9,190.2,190.2,1.09,1.07
WKY009,20,340,0.1196,167.2,201.3,199.3,186.1,186.1,0.92,1.07
WKY010,10,640,0.0279,358.6,507.3,560.8,469.1,560.8,1.11,1.20
WKY011,10,750,0.0187,535.7,661.8,783.8,709.1,783.8,1.18,1.11
WKY012,10,490,0.0723,138.4,265.3,230.9,176.1,230.9,0.87,1.31
WKY013,10,1230,0.0254,394.4,720.9,608.4,517.4,608.4,0.84,1.18
WKY014,20,960,0.0692,289,376.8,348.1,323.4,323.4,0.86,1.08
YMG001,20,250,0.1283,155.9,178.3,185.4,173.4,173.4,0.97,1.07
YMG002,20,140,0.119,168,157.5,200.3,187,187,1.19,1.07
YMG003,10,300,0.0489,204.5,259.6,337.7,263.2,337.7,1.30,1.28
YMG004,10,300,0.0383,260.9,285.7,423,338.1,423,1.48,1.25
YMG005,10,640,0.0216,463.2,567.7,696.1,610.4,696.1,1.23,1.14
YMG006,10,650,0.0697,143.4,298.5,239.2,182.6,239.2,0.80,1.31
YMG007,10,400,0.0317,315.2,367.1,501.1,410.7,501.1,1.37,1.22
YMG008,10,420,0.0382,261.6,349.5,424.2,339.1,424.2,1.21,1.25
YMG009,10,320,0.0361,276.9,304.2,446.5,359.5,446.5,1.47,1.24
YMG010,10,480,0.0368,271.7,382.3,438.9,352.6,438.9,1.15,1.24
YMG011,10,350,0.0497,201,280.7,332.1,258.5,332.1,1.18,1.28
YMG012,14,240,0.1278,109.6,154.3,151.7,129.6,142.9,0.93,1.17
YMG013,15,270,0.1042,143.9,187.7,195.8,169.3,182.5,0.97,1.16
YMG014,20,400,0.05,400,400,479.9,449,449,1.12,1.07
YMG015,10,345,0.0361,277.2,319,446.9,359.9,446.9,1.40,1.24
YMG016,20,180,0.0934,214.2,201.4,257.2,239,239,1.19,1.08
YMG017,19,260,0.1603,118.6,148.1,142,133,133.9,0.90,1.07
YMG018,10,400,0.0576,173.7,278.9,288.8,222.5,288.8,1.04,1.30
YMG019,20,2350,0.0176,1137,1373.2,1281.1,1288.9,1288.9,0.94,0.99
YMN001,10,1490,0.0194,516.3,914.9,760.8,682.6,760.8,0.83,1.11
YMN002,20,410,0.0776,257.6,294,310.2,287.9,287.9,0.98,1.08
YMN003,20,740,0.0547,365.4,439.6,439.2,409.8,409.8,0.93,1.07
YMN004,10,525,0.0429,233.1,370.4,381.5,301.1,381.5,1.03,1.27
YMN005,20,210,0.1169,171.1,182.4,204.2,190.5,190.5,1.04,1.07
YMN006,10,400,0.0374,267.4,343.3,432.7,346.9,432.7,1.26,1.25
YMN007,20,465,0.0546,366.5,394.3,440.5,411,411,1.04,1.07
YMN008,10,710,0.0362,275.9,465.8,445.1,358.2,445.1,0.96,1.24
YMN009,15,615,0.0738,203.3,305.6,279.4,241.3,260.3,0.85,1.16
YMN010,13,540,0.0311,418.2,479.5,591.1,523.5,570.9,1.19,1.13
YMN011,20,290,0.0971,205.9,227.9,247,229.6,229.6,1.01,1.08
YMT001,20,270,0.1252,159.8,184.9,190.2,177.8,177.8,0.96,1.07
YMT002,10,620,0.045,222.3,388.4,365,286.7,365,0.94,1.27
YMT003,20,480,0.0607,329.3,367.8,396.4,369,369,1.00,1.07
YMT004,12,400,0.0368,326.4,366.9,485.6,411.9,470.9,1.28,1.18
YMT005,10,150,0.0867,115.4,136.4,192,146,192,1.41,1.32
YMT006,10,120,0.125,80,102.9,130.5,100.2,130.5,1.27,1.30
YMT007,10,300,0.04,250,281.2,406.9,323.6,406.9,1.45,1.26
YMT008,10,240,0.0486,205.7,227.4,339.5,264.8,339.5,1.49,1.28
YMT009,10,280,0.0364,274.5,278.1,443,356.3,443,1.59,1.24
YMT010,16,750,0.0388,412.8,522.4,542.1,491.6,511.8,0.98,1.10
YMT011,11,230,0.0725,151.8,193.5,241.3,189.6,236.1,1.22,1.27
YMT012,10,420,0.0439,227.6,327.7,373.2,293.8,373.2,1.14,1.27
YMT013,10,650,0.042,237.8,412,388.7,307.4,388.7,0.94,1.26
YMT014,10,700,0.0462,216.5,401.3,356.2,279.1,356.2,0.89,1.28
YMT015,11,160,0.1025,107.3,135.6,168.7,132.5,165,1.22,1.27
YMT016,20,450,0.066,303.2,340.2,365.2,339.5,339.5,1.00,1.08
